29093
4954
17391
15358
5528
26089
13900
14100
22
14189
29434
4500
20275
25219
15034
22416
15559
5484
86
30717
25352
31317
722
20242
15452
13532
21998
12273
4976
22737
11207
12681
11396
15929
19159
17083
6410
22169
11559
18875
26992
26481
24004
21178
12602
19974
15726
4546
4435
12388
655
15329
15525
16292
29557
31625
10983
28523
28088
1079
28086
18099
26108
2387
23528
11726
7390
7255
1821
23975
24104
13876
12182
21580
13127
28658
10827
29353
6656
11926
27959
10134
4958
17992
13815
19477
7919
22709
402
5332
30256
29363
13468
15610
7237
11555
26231
20000
5613
21788
23288
10652
23990
24390
18227
14086
26733
10883
5774
23541
19929
21973
31003
8458
27049
11644
11301
10288
2218
29534
12553
22561
30269
1708
26183
24877
264
11971
14041
566
13805
3408
21444
7424
9272
31672
11244
15528
5661
22455
5676
18801
14945
839
24998
14023
21591
7107
16472
4221
6926
11340
16369
24666
6345
24428
17634
3284
7855
29689
15287
5403
8388
31036
29864
20057
3608
5715
23915
1592
31039
24788
3405
11942
9472
1715
22401
30421
18769
20326
22456
30085
9348
14406
11506
18565
11451
12345
22163
19831
30113
13966
26553
22485
7772
24872
1229
2097
23485
3551
24408
10433
29370
17187
9240
13082
14111
994
3924
25404
25216
6828
7020
31695
22386
8214
179
8108
9467
16476
25986
25759
24134
1098
12678
875
6811
8540
3930
18703
12687
5412
14682
11592
1912
4076
18102
12887
291
29341
16838
29188
24011
25567
30877
31715
19009
16514
15328
26838
6256
27421
728
18387
6150
16116
5063
18408
9579
10783
25464
17276
6134
13033
30490
4311
24672
27767
9551
15333
27513
7850
11135
3382
7449
9541
8306
586
30554
19027
29982
6924
16900
8131
30653
8348
17993
7254
3363
18769
29363
698
5199
24063
31578
16888
10304
17525
19034
4619
13322
4938
21636
10193
3368
4826
9812
27944
2068
20363
15651
16976
15125
8533
158
24984
25432
19585
28791
9782
8259
8112
23131
14966
30982
13088
11299
28951
24691
11563
13902
19953
11023
12304
29359
476
11113
21750
9059
24014
26794
22574
24070
323
9070
23225
22310
18402
7378
23818
504
14941
21454
22284
22602
1689
11462
4455
24249
17167
14171
9216
14628
370
1671
15806
25441
29841
20201
6548
25134
11648
16221
17596
106
13298
18384
6720
27781
233
16979
6079
18997
2707
12909
28526
3178
9323
3766
31581
11141
3751
18593
30204
3012
8660
1690
7133
10241
7098
17489
6843
21661
9861
19797
29116
11959
23335
17892
9971
2977
17144
13826
30249
31892
7327
19144
23773
15010
26678
16895
10121
3821
424
13293
25639
2839
14431
12143
24052
9721
26397
23624
1652
4248
10023
6073
28598
22356
19368
16210
15321
9059
27219
7687
9679
12414
19019
12166
1889
19162
14912
11720
115
26970
4571
7398
9098
14339
25181
18735
19339
9904
6787
27511
453
20487
8620
26545
818
19627
11837
22977
2042
18099
23365
25739
2105
24924
16733
30544
19202
18682
5843
57
9380
564
6919
11061
23852
14193
20756
24577
24619
22414
19891
19077
6585
28882
7261
19047
9401
17699
687
16089
11871
11386
4372
14262
13040
28308
926
15565
30665
25835
3637
8061
26275
30948
16627
2690
11797
21066
18893
17422
19290
18939
27767
22043
24917
29921
12674
4352
210
23332
4296
7235
17935
12190
6921
2479
28539
7056
26326
7846
20925
29331
17582
18360
19704
25297
359
27252
10062
30068
9680
2429
28835
29535
13973
28385
21411
540
3939
20647
30726
3350
1612
9127
23058
20233
7276
4255
15202
4022
5325
16258
4327
27099
29320
27923
4652
11618
8749
434
19934
12761
21093
2167
26507
11554
16342
31102
25258
25196
30791
25218
7900
15714
22789
2732
26993
11681
19589
18093
18478
22128
2890
17930
24909
26283
25609
19127
9414
11521
20236
487
6861
15456
20692
23844
31644
13484
28674
24219
29810
951
17016
25529
15836
12910
21947
2811
26419
4688
30363
27138
31590
24357
7191
23782
25337
10476
31099
24524
10062
6677
31691
9915
31524
28144
13924
26539
11357
11110
737
2783
25348
30695
22588
13685
20878
5795
7477
25148
14944
26621
31224
31941
28306
59
27898
12989
10739
5252
10020
28537
28749
4358
29491
13779
20458
17267
11359
19509
11606
5814
2106
28403
31847
29922
14300
31966
2683
30825
9277
21014
15873
15760
18914
17695
28475
26655
30652
31287
15937
12637
30029
231
2634
4667
21516
28633
28199
24016
28683
29417
26128
24581
25559
637
675
21650
29599
8987
19754
18985
13209
8241
16669
17904
28066
19768
487
15157
2597
27133
7149
11102
61
24382
13261
542
4382
7284
7907
495
21169
2032
29202
21692
19838
13609
11201
5341
12751
21845
12835
25161
26642
5686
1724
22535
128
25399
21281
30182
17916
15543
13055
21102
30782
6565
24414
10518
28976
1869
7975
6328
14744
31601
8420
9793
20728
3228
8648
22445
11442
1203
1519
31539
12912
461
17894
28348
12739
6468
21870
31642
8459
12557
26493
6775
8598
836
13190
13195
3852
11
8186
12051
7690
405
30223
27134
19981
1662
704
25321
12946
26206
18709
13133
22395
13469
10660
10487
17589
17801
9048
5049
25880
2469
4465
7008
21646
13124
2764
12773
22904
23127
18021
30184
3405
4740
10522
6489
30852
10104
24754
8313
9653
29565
12317
3329
28667
1103
20733
18848
4252
555
3686
27051
12268
3370
31970
4369
109
1229
29625
6285
4925
28121
11119
16927
10410
27237
9613
4540
22567
30769
16805
7749
31844
26937
9104
28342
26807
19082
20218
14240
193
11605
7201
3289
29519
1602
27097
23409
7294
5894
12500
16361
21283
5688
23584
3232
9577
2400
2801
5262
18620
1362
8097
3636
16614
18618
16373
8915
632
25847
10914
220
5228
26925
1551
28841
29960
17301
3165
361
17926
19736
14501
25698
1009
13085
22912
29267
19666
13215
11469
18231
31244
24450
26798
17968
4485
22311
21972
22466
20998
13630
24317
19264
24293
7131
14778
27780
20193
6092
3190
8675
8781
20011
13748
9825
25713
10287
6296
13344
31789
28999
4777
13087
28639
7018
468
16417
8327
7592
27062
8170
16425
8454
23315
29361
1907
28552
22698
15315
28320
22927
1580
4549
28060
1381
1674
2636
1897
23831
623
14064
9409
3715
30733
17838
509
20913
14365
6637
13365
26983
13345
29107
2473
4599
493
27417
18783
21084
14437
251
5646
25477
2440
15862
30779
8689
15790
30860
21410
15740
29709
937
19415
7033
19586
20556
23597
7936
24207
5501
9943
19337
8608
10117
16205
30138
10898
20318
29682
30334
25205
13929
23283
5207
6801
14943
9842
5877
8616
15754
996
14599
15995
18229
2743
27729
13199
2145
311
9215
12337
6329
26293
6457
21176
711
17886
15863
8202
24170
27249
21015
5218
19584
10007
20141
12624
16104
28809
7066
11521
2477
9974
17248
9920
21114
3753
6452
1213
1877
15335
1365
24333
11657
30230
27549
7155
7396
22053
24661
8542
31523
9255
8014
16306
2987
14401
31021
14795
10106
25287
11015
3648
29020
8098
21550
26084
6754
6389
329
19347
19088
15616
27563
4395
470
27460
8157
1496
1346
31975
22141
24981
11379
11355
23628
2543
9041
8251
385
5132
29691
7541
1125
10221
27905
9390
26393
10480
14292
481
15290
18329
13178
74
936
24721
26502
28805
22306
19695
9032
6895
7703
1975
7489
8788
19256
19616
9945
17611
19794
5147
18517
21723
10971
4240
22787
16611
31691
4331
26551
10681
13741
27735
1915
19602
244
23369
21635
17442
30356
25025
17759
25860
14538
11981
7284
14683
29243
5454
3501
24506
22598
510
27758
20801
26002
4786
30154
21257
5609
13021
2805
5827
5194
24918
28668
20123
3897
859
25267
14435
10074
26837
7663
25581
11326
26077
7414
14520
7037
9600
13108
462
5637
6591
19504
28399
16305
11482
26558
3560
15646
6095
9845
22341
17338
541
31331
31535
28701
20173
20480
13199
22173
15027
17249
29811
540
12274
13742
31667
21797
29374
22230
980
312
2918
30593
7724
2145
4497
14151
30791
14
15559
25375
4234
29732
24116
6170
7702
23881
10153
336
12272
13700
25572
12315
18270
18444
1041
8580
29076
29020
9873
7163
9359
6278
31481
8779
25410
21194
10078
20685
27888
25959
4816
3547
31705
6577
14628
7815
22296
5988
27639
29581
15308
14648
9455
17031
24950
4021
19780
16224
7586
1609
7807
2571
27338
24216
130
9333
22135
30227
2249
1208
6825
2508
494
6033
26233
27784
2676
18196
6653
25366
28093
22942
31084
6880
29276
15628
7042
28352
27282
4650
5926
28181
27666
3182
13387
23061
10248
31207
9236
3429
1114
1904
1083
487
23086
5417
12723
26835
171
12072
11916
2313
29445
362
7960
22437
29876
17937
8780
467
12036
16586
2408
18151
21714
29325
13019
5542
29076
17033
3168
30695
7322
29021
110
26975
29076
16267
21199
20151
29269
22570
12430
21986
13782
21468
30487
12463
2174
26624
30362
23962
24992
5673
13232
29416
21062
28622
27713
8179
20781
16963
25509
22722
2064
16103
14857
24540
1577
29600
21269
8798
31734
10116
4044
6732
25657
28633
24499
11045
15938
4416
27957
11450
15728
301
26950
6207
4598
7066
14919
2979
11995
24829
4649
5917
12613
20599
12246
2312
19702
12878
20428
11248
25111
26269
4107
10989
8244
3146
19250
4143
23177
5177
12005
4571
29052
5311
4465
8470
30058
29018
19123
28510
26278
10911
5174
24097
14015
27251
13467
3208
28418
8318
31294
30612
8256
17117
18710
24685
721
1815
16349
27895
21977
10067
14449
13989
8394
1992
10107
15250
4651
20596
8014
26062
18583
20241
31250
7413
27400
13637
28449
5639
2390
1817
6065
21875
26106
19884
9908
6005
3352
25129
22524
4770
23741
25846
23203
18626
25189
13614
15018
23005
12736
31826
3552
3481
6325
8763
26629
1731
21672
15699
23088
21803
11512
21253
366
22965
5836
31858
26796
12461
17936
17254
16855
5723
20410
19338
14913
31191
16722
7131
28231
12831
20913
7258
16433
2407
3849
7173
5721
4784
11813
29447
17552
155
24306
5420
9405
23681
19007
10391
8903
4284
7361
29879
16309
20808
17242
15735
20500
654
15514
24245
31129
15999
9095
15350
13320
736
22425
22616
20820
31718
26121
10952
20744
18179
6220
628
741
31231
19418
3971
15565
8267
30515
25604
10208
24721
36
293
26852
5007
18246
17574
10218
15654
3273
19085
15150
7086
4719
5914
31040
16781
7899
7421
30305
27912
17932
29639
12592
4697
6949
21151
29318
19457
12143
9014
25758
9567
672
16637
9593
29570
18526
14485
22656
12348
9983
7046
31596
2935
21395
15413
611
9932
12068
26128
610
12114
18748
26124
22756
18868
27560
30545
21433
1159
4988
26675
29752
17626
31575
2917
31386
24846
6888
18793
420
24040
16305
26187
28296
484
8971
20367
29958
13004
8555
1640
2774
20874
30435
31275
14154
2107
9452
26370
17456
16004
25954
3301
26870
10281
20176
21190
12561
8667
3566
10764
8606
20562
22632
17987
25162
13724
31969
17
28016
12469
13368
25197
2946
6999
6154
29963
7594
31251
25208
28443
31665
29345
23338
3891
26911
31861
5523
28041
26020
657
25719
12645
23734
21923
9899
15062
30844
24904
20765
5285
7147
12206
23060
17031
18479
22626
27064
16278
29004
3943
29652
16642
1541
7558
7899
4356
12029
13029
7209
5652
2332
18395
21900
23132
24372
3
5123
10092
9956
17295
965
2607
17597
735
14725
21278
23460
22611
7413
26291
11127
31837
23689
29217
17140
16346
20093
22594
2262
162
25369
27345
24640
19549
3124
17369
27743
9625
15863
21357
14156
7962
27875
30106
16431
16753
11541
9370
13482
28369
22217
6986
22901
14621
21534
31711
26181
24133
31769
20180
22771
24275
7915
28198
986
25281
10103
12484
23425
24718
30223
27201
18298
14993
22654
4813
31369
18060
17228
11107
5641
29572
12349
12868
7308
464
17947
15267
30658
369
11701
674
5532
2721
14376
1661
24752
25774
14941
2053
6112
3849
16851
31569
18742
24730
1695
16816
29715
12631
16049
16353
5769
16917
13912
9351
10757
22174
21001
29399
21297
13827
23900
9620
18712
1332
19287
316
14220
12237
19439
21637
8388
21299
23244
31235
586
24544
11085
1579
16661
25851
5580
7805
8433
14892
27171
3836
19240
31662
19310
18146
10331
3238
30995
3474
4529
5043
10496
974
7476
9670
22324
17706
2423
4916
11905
15808
3196
2825
28304
2086
2518
2208
29477
26525
29707
16240
16548
12939
23868
31017
14805
16684
31496
6656
25316
13444
8621
16198
21932
10648
31344
11328
19252
11485
31040
31027
24186
497
21910
14526
27760
5001
2719
1900
13637
8107
8861
14730
8933
29725
20875
6966
22723
20253
8959
30393
28886
14418
16213
21783
2529
26115
3082
11492
2808
647
11110
29528
16448
26108
8030
17318
13558
6204
5048
4234
28339
12045
4976
5153
28142
23704
11611
29182
6082
16925
19466
16250
27889
23268
17649
26187
12842
4983
25288
5465
28039
24846
28466
13261
23898
27979
668
2666
19497
10791
2409
5920
26103
25133
332
16094
29381
6374
2549
20905
6745
20372
30191
5355
5438
546
8393
18445
28428
28764
25460
22343
15850
1884
10220
12471
29520
579
24602
28593
10770
307
25594
21079
5530
26993
31481
11625
30324
31213
5281
21086
14353
4330
29815
7091
7108
14325
21796
4995
5393
7962
18132
26712
15143
22615
19676
9281
29611
26449
414
23076
15031
31046
12210
15702
11299
22851
25406
22377
12803
29847
3750
20549
31856
903
28522
31866
9868
10819
30796
9685
11456
9753
6577
16946
6216
23273
26953
3216
1010
21721
27890
13419
24098
4681
3290
5958
3098
10762
28900
14471
21112
8650
19790
27527
9984
2259
25232
25578
20380
10998
13447
8236
29345
28609
15570
25213
31828
14841
7293
11215
172
23364
4316
27949
26715
28709
12218
25422
19463
14381
11956
20586
30941
15984
14815
2124
11081
26167
7601
681
9470
12276
18462
26544
22333
19067
25857
19170
596
17518
6590
2084
28261
29177
9253
30482
8552
23232
24730
26775
13939
17430
31603
8890
14905
11120
20898
20155
12498
17689
17556
3423
10426
21287
1369
9608
538
26797
6916
264
14671
27954
10325
27575
6048
29794
13461
18628
17747
15876
31682
12872
18918
29228
2540
14113
8085
28082
9695
11005
4899
13026
20226
15541
20694
21109
21119
18141
17092
24769
15268
3737
9293
19244
9098
25777
28393
8678
9204
23784
1060
10712
29049
3978
14566
19159
24806
6469
9720
11806
23518
19769
25028
8443
2243
19794
1884
4040
10714
31958
11966
11549
30633
314
14935
6468
31396
17722
7621
7661
10249
12841
481
21027
17929
4997
27133
14975
23336
22734
15978
14748
11494
10648
24638
25802
4511
735
10835
4359
6576
15516
915
11307
21467
27285
26227
13922
12525
9081
446
28639
19101
19244
22164
3791
4536
5472
30642
4492
10107
2405
19956
276
26176
30786
1559
14265
23902
6404
3012
26
17482
16214
13770
8273
10498
24658
1964
9582
23979
22935
11355
805
27000
11932
3652
23491
207
12356
12429
1126
18599
17074
11676
6510
26933
13662
473
14127
13255
24936
29110
10984
24560
557
28140
12281
9189
31769
28935
3408
11303
1468
25380
10021
13922
26399
10490
22759
21397
17240
5911
11126
5492
8284
10860
15250
11019
8469
10764
25748
12451
9652
5681
859
14057
17993
2176
25994
17741
23440
27022
14577
23465
2574
8098
3912
14115
861
6845
18979
24148
29125
25047
802
14506
16908
1388
17512
13578
16270
6967
9551
17338
13968
10046
8026
10111
4305
5646
12140
25090
8290
11336
5943
16248
3256
3932
21238
17794
5632
19349
5983
2386
8882
31574
27603
12560
19305
29603
13529
9340
22770
6626
17098
12500
26786
18147
14542
9208
10989
23327
24582
8908
28725
26685
15115
16094
30688
5083
28056
3913
13741
6026
19587
20697
328
538
10738
20847
25628
7705
12747
10919
31080
8598
27244
4025
5269
2858
11677
12957
8647
20538
11714
1139
29874
16502
23382
21793
31151
17061
16020
5694
13
20133
6519
17711
31918
18605
26085
16527
14284
8662
1063
3285
28953
25050
11677
19504
5903
282
687
28086
18052
8679
13063
22462
23424
19450
21246
4490
1100
25924
2388
12330
2763
13549
21027
2716
18445
21911
11286
31032
30242
4067
6358
9292
21548
15926
453
9731
20664
7613
21743
907
11855
12462
28222
16758
22087
5585
8429
5985
19935
31040
30014
1748
396
619
28272
22890
23181
25438
27883
18994
21189
27975
191
24148
31434
20018
16460
12536
9786
23576
30530
13923
12878
4376
16845
14947
6833
7428
26633
7662
20626
12319
3516
6150
2040
25381
2628
222
28501
24716
31950
22084
1375
13066
28873
15415
283
23895
9883
21720
58
7988
21650
23688
28585
2988
29725
3917
25188
21658
28476
28792
19083
28523
16949
13702
18615
30501
25993
22597
1422
28584
5158
5176
18837
20021
16862
21307
18246
27436
22040
19818
19299
16666
452
24640
18313
7410
12182
24828
27400
9115
8556
28233
15858
20651
26129
1309
29298
21107
25637
23778
24671
26427
20315
20180
24337
8142
28901
19626
29044
11066
21548
10872
30810
4049
11205
16340
24342
30067
672
9272
30278
25872
3459
2727
28912
8552
12471
147
14289
20
3586
5119
1777
20940
11989
9441
2427
31968
7877
26058
26572
1287
2623
20424
31690
19809
13688
3468
8055
31158
24484
8648
18886
26624
26216
19675
28077
25385
15761
30128
20347
29461
3846
6627
17516
28131
5883
2342
4218
11888
4200
28644
22135
5149
17850
29988
20057
12243
6600
28591
13781
16964
7432
30325
12079
28531
771
20525
592
19318
3078
1596
29721
9338
14107
7896
10231
11785
20535
17005
16311
29064
11957
20543
11676
10244
14339
9810
27823
24878
31388
8327
4951
7075
30006
4871
29737
12913
24124
17380
16641
17367
637
10238
25682
30029
31272
26404
1210
14532
1776
27516
26330
30511
1684
37
8548
17474
30340
17178
22389
633
7643
28250
27942
1629
1684
15430
27230
23555
5883
27466
745
27093
24417
9407
25295
15765
28692
19216
29150
26783
19343
29468
22922
25710
18669
3292
10743
8289
31396
581
4947
7359
28015
15217
15465
14074
21388
2809
26483
2864
28712
7589
22832
3831
22296
6727
13879
18778
21705
14052
19083
19487
4730
7189
28527
21068
19112
6061
892
10217
8650
25244
10480
16134
30527
275
15945
5632
17029
27626
17683
21249
20651
17982
11006
14534
30217
31326
10547
22693
2094
10984
11752
9678
13338
46
1074
19921
1198
21984
11803
31328
11616
18662
9461
24662
27955
16522
29678
16377
7655
8159
24804
14972
17260
25693
6010
8393
12189
2764
2667
8061
3627
15204
541
27699
27863
306
30587
22533
5093
4285
28158
27472
17101
25066
6153
28344
9523
8477
8831
1388
5145
15265
7310
15531
30548
2890
1228
13448
23356
25944
11398
17898
3752
4255
25940
18902
23834
26341
11505
26097
14646
9612
19274
576
27513
12657
5845
19507
6439
21011
21284
27362
14213
10232
23994
18582
16201
25164
7453
5515
13391
30668
26157
26612
21901
26338
19379
7488
2377
16657
3133
24732
22921
1428
4650
31417
5324
3906
14849
20175
26359
6581
21255
10466
401
8619
3600
16708
4660
9388
20117
6491
23100
1006
4615
5540
21186
3701
24931
30968
22990
30334
263
9486
198
13854
21188
17474
4142
10023
7732
16532
20620
21067
13133
11252
17320
14724
6967
188
2814
8627
19291
18815
20589
8071
3773
21249
6704
27552
6539
9094
6927
16884
31478
1104
21206
20594
24896
611
4871
30950
25622
24459
15308
27165
18721
5280
17711
21577
30424
18697
26765
15526
2456
25471
327
13406
16118
6163
25533
30379
11092
6003
117
12859
28082
17257
10656
472
21959
3236
14015
22600
12368
23995
12960
25458
11689
14191
9615
10947
5786
25137
3531
27856
17267
22756
12087
61
2395
20707
2898
15325
4581
838
5481
10778
20708
7009
30476
2968
3201
28302
30910
27925
11146
24877
25328
21652
15885
7400
27441
18874
29734
31804
415
15736
30485
20276
4769
5354
22675
23928
4312
23423
3175
18823
23378
24667
8244
14657
21505
17145
9621
26536
14956
13077
619
999
7845
26569
7030
404
123
4598
3363
15922
28400
19941
26277
8186
15342
22574
6983
4571
6197
2521
7681
191
11160
24516
23369
15888
104
4420
1323
27514
16690
31247
26012
21491
23461
23386
11020
22009
13270
14398
25402
17179
9384
20832
6220
22715
8837
977
17439
13842
26963
3891
3548
29557
18083
1822
1484
16086
21547
29634
21357
8589
13942
26061
2501
21337
13274
399
5622
16033
14251
17755
31763
6656
5550
3889
22066
15105
8656
9627
18882
1575
28696
18389
26399
8241
20699
2352
10084
17563
23855
31672
31873
25960
10145
28181
10125
30751
25899
16559
18781
5140
8800
5654
24917
17896
22762
25248
11902
15443
31030
8020
9945
12833
15470
9222
30963
14715
21160
27844
19386
19560
16733
20081
12431
18068
1564
24240
31644
11343
20863
4868
30312
25304
28255
23349
8360
15836
10564
15093
29529
1594
19487
9923
23051
24073
572
10256
22144
9692
14450
3232
629
18244
19869
9524
25536
2199
10062
22374
18075
19952
447
1748
4672
27511
31246
6528
19382
27875
26020
7031
15082
30269
8691
17841
26113
8678
6506
27705
22253
730
21153
6029
24382
6712
29399
19784
20027
8955
17566
19454
19762
12043
5845
15976
22028
8825
2007
10689
30756
12805
4338
7023
24410
7652
26139
23014
20835
2496
222
7370
5475
5633
21917
4179
31165
7755
17907
10230
27689
16711
31606
1090
22536
5543
26534
28680
16117
12388
15905
14526
16285
24650
21014
26149
463
17079
26621
5418
9944
5536
20357
31242
28937
27348
22990
19898
28057
8325
728
10886
177
17156
19773
7160
13254
15308
25371
26107
3619
29122
10067
18240
16327
16059
29688
15073
31605
24127
23298
68
29960
14733
21059
22595
3336
13534
23453
31370
23163
25070
112
24128
1789
15289
8026
745
12563
20354
7964
394
18621
30490
12759
10767
6730
2143
25985
27883
31600
7683
22162
27646
20124
23951
28161
8123
20615
24231
15216
5514
25610
6031
16292
24683
20531
29422
15159
31965
9368
29394
21905
11262
14315
1269
12308
2547
29903
27711
14743
25482
26858
25483
22038
3870
19004
23982
11943
19644
26287
1717
15792
29059
12783
27247
27480
25169
25979
25644
20027
8604
26365
15299
25698
29853
26839
5082
22642
25524
30974
3425
10019
6664
29195
17504
14580
26734
655
2547
17438
28556
16039
657
2758
13630
28625
30614
18806
10552
5886
16121
27086
23789
21737
13406
19831
29360
11430
20561
17753
2073
21630
719
2318
8107
2298
2569
17046
19891
5694
9829
588
11379
2968
20422
12056
23424
19801
20493
18151
3689
30948
26336
856
28313
20228
23210
14008
21631
6275
6882
30001
7148
14584
22417
24126
6076
25568
12814
6754
26808
10224
27404
24858
15291
17578
12759
6928
13076
302
30939
29841
555
25428
29542
29761
27241
14839
8367
27150
23633
1428
2070
19042
6131
23571
2733
18845
14722
31972
28152
19394
14148
24142
1009
31856
27050
9476
5199
8981
24257
14842
27400
1886
31945
29302
12309
31218
14370
361
27765
21855
24688
4353
24692
2900
18679
30584
3885
4626
20551
4655
9038
17949
2846
25600
4379
5175
5770
11215
6582
653
21838
15458
5021
22581
7303
1651
7284
13777
5007
2308
6149
2709
19234
7155
8325
25200
20415
18638
19480
8836
15185
9704
27544
23771
2575
26541
9874
3157
13985
7218
6290
19685
24964
17681
21409
25597
1967
17267
27659
11591
3191
19054
29030
16278
6832
19346
30927
24092
8469
4542
7287
2525
28138
311
5215
18275
11743
7165
19551
27828
21048
85
7021
2945
8747
6060
28
19360
31625
4509
1635
18877
1697
14160
15008
20044
24930
2309
19932
28865
1471
6128
20305
31492
28504
9543
7977
8479
17494
14234
392
24890
1430
6755
24782
8138
2571
31710
25111
21509
18781
7450
1795
22681
14806
18512
10684
13469
17791
373
14388
28872
6790
9483
10158
19681
23267
26940
16769
26998
28475
29993
11544
14801
261
640
23358
21032
24555
15692
13976
26132
22131
22034
15731
2884
12766
31257
26817
5235
337
9737
1117
6295
20530
1720
23703
31324
24533
23616
25836
976
9304
4949
15381
27232
2251
2261
12612
20227
16020
11169
11946
3765
7186
28844
11580
30503
20097
19793
5559
13237
25374
11242
13025
1688
27531
3742
6418
8797
16756
21626
9972
14229
11635
21699
903
2767
30001
17547
15720
9923
5327
6787
28498
463
10116
25872
3557
5545
17287
18081
17062
31819
19759
3135
30792
15666
1368
4710
31786
1996
22282
27667
22816
12334
10325
30
20342
22278
12927
4298
3634
19920
9570
24987
4506
2893
6671
28519
19190
17457
6327
28336
30103
31772
13772
1073
15640
8908
2659
27575
6372
4497
3037
306
248
0
1734
24588
24555
12012
16637
3257
26155
7315
1813
23696
8841
11540
10492
4057
1016
17449
10714
21031
10385
25874
10044
5352
7643
464
15218
30778
30282
19092
24373
13824
22533
4471
3726
17205
26860
5739
13555
7041
15322
20338
9394
27402
8999
270
7571
2701
3186
15096
9912
429
18845
3348
16329
907
27416
2213
11598
6550
3939
25022
25692
28837
19406
17657
22900
31811
4740
13674
13992
25673
14791
1750
15615
28851
2173
18465
21787
26540
27628
12806
4889
4587
15042
28171
12729
22850
10584
18867
18623
13684
21303
10741
17049
23368
219
21229
21825
25051
30904
22482
613
21050
15995
18216
25286
21808
15250
26422
16606
29533
24046
5819
18117
7048
21000
9693
17237
25399
4386
15202
19085
13692
9423
6690
13619
25617
17333
23228
17341
20135
11154
28041
26738
5244
23677
30926
31949
1068
6511
26422
26146
15817
20993
14975
28035
15149
22903
30323
20197
12943
3838
14362
17279
1877
23346
19758
2931
15657
9955
24527
15024
8527
12057
2680
19735
7734
23125
26674
17885
27981
29466
29959
24112
6935
27564
21178
1821
4482
3864
17845
17073
7285
17268
322
6238
7336
16744
511
10401
23736
25838
18829
9186
15483
31573
26247
10396
9873
12940
17850
19645
1083
3485
24979
22096
9072
632
30932
26457
17198
9458
7563
8448
14863
781
12357
498
27420
5754
7039
1029
31973
28508
25437
15643
1746
31823
23967
1864
10420
5033
9680
29751
16543
8704
8640
4041
13052
8684
10805
13824
30938
16653
11230
28
26757
22096
21640
3331
27738
3439
8340
10470
7129
27575
23721
6178
27388
4622
28582
2404
25543
24628
219
29457
7713
23881
20088
24549
27106
2448
18501
28378
24365
113
17044
2635
18688
31174
21877
6745
7689
19791
15400
13966
31676
13190
18648
6848
22434
4250
16518
25400
23284
11958
13123
21524
7272
24706
9378
12266
11339
11500
6253
25006
9936
26664
22423
213
16552
24053
370
24251
466
28963
15650
24643
8885
21586
8018
444
16236
16380
6181
23820
21857
18870
110
30216
16157
16562
1318
32
8798
13193
17427
12870
1130
823
1229
11525
30884
10087
2792
25331
7517
2034
5738
27982
23276
4002
15230
20961
6401
23611
25197
21288
24118
12220
969
2997
3559
1762
29932
22738
14404
30958
22689
22632
12452
17576
2080
286
24093
11940
2112
967
31313
5316
24296
14583
12938
23294
23750
30195
24330
5471
12100
13779
17564
4944
20152
7138
5231
12313
7387
26693
7716
3235
18301
8157
26662
5762
17271
27502
8762
50
29664
29184
9815
3745
20868
12933
31671
24558
9873
8381
4142
3953
12948
2391
7099
23291
19108
345
25181
11615
18909
25793
18471
12849
26129
10348
27543
22221
15545
824
14884
23707
11314
12902
13078
24722
19750
23874
19610
31739
8264
23557
12054
25208
17476
26106
15034
8516
18421
27360
2904
25532
27865
7056
28277
24863
28099
26079
671
22418
7632
26566
24322
14439
29596
7616
13879
27038
21686
20596
603
16556
13649
1428
17001
6780
24636
30725
15553
13492
31508
23360
9992
11321
6840
28152
3381
17653
31741
8189
27880
24280
13475
20320
3581
15388
28808
24792
18785
31950
3868
14180
12836
29578
13589
20274
21712
14214
9828
703
250
6097
31847
10561
20758
21469
3168
20802
25744
15676
4646
29325
24
9895
29466
1101
2109
17476
11613
31860
2621
24873
18240
20826
18203
3612
21244
16038
29939
11676
23204
20850
10891
294
18519
681
10538
7089
7866
20149
30893
23931
5541
19800
2519
23815
28445
25815
21225
24934
6275
17757
6770
20919
27658
29085
25705
15850
9839
11706
13689
25801
25828
21860
8348
23352
16205
23877
21227
14523
21166
923
4533
27962
20452
29734
24270
9217
25236
25412
14121
22539
1122
25691
8105
127
4195
630
29749
25724
10964
18996
11531
14610
20748
2015
3670
17553
9647
5336
30210
21509
19749
8506
15311
26625
28234
445
22436
4508
11111
1501
16935
8378
10082
22069
17290
1933
27441
30254
9383
5979
16276
5597
30288
31361
20228
31017
25312
4024
9190
19756
15894
2711
22277
27868
18212
88
575
22762
20738
12257
19327
26346
17672
26619
7147
27573
13244
1765
22366
25867
26601
8206
10264
26237
12273
27933
12980
19850
20835
17205
18011
265
23248
28023
23864
16327
18395
4297
299
17008
11152
31958
26818
13491
21751
3670
24677
18849
8680
1680
21456
28502
29728
31773
3015
26076
31893
18670
29700
15692
20743
6545
116
565
727
431
28836
1859
5661
14810
17527
20249
19445
27269
19737
12671
19226
10324
22328
26818
17333
1431
881
19543
17271
23825
30216
4545
741
14845
11997
5302
7411
339
7579
27261
25813
16455
17971
17562
19986
17426
2441
26285
6874
24310
26220
13208
17561
379
18124
5600
21196
30465
11559
18262
5140
10352
22085
15350
28040
24657
8997
13327
13392
7427
24375
14756
17776
5701
14028
3346
20449
12028
29130
17652
1254
13360
18084
9540
8861
3415
22921
29123
3284
16854
15324
16282
26655
30661
740
2625
27431
20466
13510
4000
23109
17193
24240
14196
24912
25779
16214
2549
16307
11805
674
31158
31426
14395
9127
1228
2638
1387
7640
28978
13174
16670
15991
10348
1473
6293
10832
30315
11882
4329
27558
12209
5627
333
7278
693
31773
152
187
30857
1455
10495
9594
26810
28949
11551
22367
25720
25811
19267
1567
23798
3162
17378
26592
2324
30497
3178
28909
20028
28152
7997
29615
12425
12954
3321
31961
3631
23937
13053
16354
10775
19966
15145
10168
18889
24712
18660
24499
27279
24405
30564
26823
20951
24871
3370
3839
31962
2665
2251
21286
13179
25722
27382
7367
17010
16201
25011
18521
8361
20770
14569
26035
998
2247
13347
15046
10411
17859
13715
24202
20827
27387
22104
57
16541
645
21500
11964
13061
20926
30529
13410
7154
20631
22557
23256
10674
3888
8963
11094
21741
9896
17252
533
575
27187
6006
29706
25896
8557
4404
6606
26402
15598
26790
27356
28176
14622
17250
26111
28383
9034
30035
23562
20839
29944
16057
17865
16018
14712
11121
13880
6593
12732
30583
15603
10603
27242
7337
19694
13063
30766
28109
31590
3629
20053
25302
11031
29432
25496
31331
30640
1966
6453
21641
30084
29091
6213
27346
6530
27994
6473
2437
23911
12782
18950
28200
29746
9136
17811
12100
8920
6674
21168
20840
4410
15556
23641
11632
10068
15388
22683
3079
19127
26811
4519
6763
4153
28270
1317
7281
13803
13906
19914
711
31051
13372
19245
13441
7611
9047
31702
28367
14130
30223
15768
13836
3378
45
26658
25853
10746
2629
30160
598
27132
4430
11975
130
8081
3471
2624
1948
7916
11714
14884
1217
17996
2930
5338
19338
22134
29096
20828
11987
12131
30407
18833
2498
17718
28085
14039
23045
24945
29243
7390
20314
1127
5295
22205
29781
31477
26832
31295
21598
31853
31729
1406
17145
25811
30298
2740
10314
24396
27627
20045
30424
5331
8194
2881
11921
13102
16543
20896
4366
24608
23750
13167
27417
27873
6693
13234
5996
24011
28151
11210
7868
6742
23848
6913
6390
22854
1978
5220
13257
7459
871
16081
612
21738
18824
6992
31361
29954
15413
1446
17058
7281
1710
9000
13722
6736
23801
13262
16208
26492
24269
31112
30400
26767
8623
10709
6466
3087
9819
7569
19215
6373
15717
13070
16641
16656
7968
5735
14234
19610
15039
25617
23368
28875
186
22963
1511
10142
11380
2360
30088
7025
20762
16930
24689
31488
11726
9505
2661
18836
3333
5604
16165
631
13101
558
22070
3757
8340
7470
9189
8158
10885
16905
31625
7062
12212
18616
9992
21425
27611
10777
30620
24849
11942
26687
21463
2450
31181
17421
26341
16959
19071
28932
21778
8646
4615
15194
6539
22313
8618
21580
29033
30903
3534
14517
30699
16187
19554
26078
22531
371
4729
20632
14101
963
13624
21128
15611
28715
4595
451
23884
2679
16787
9883
17886
29877
6971
17336
5769
6124
18987
25706
17966
1291
31460
9533
22776
25120
25484
10958
19426
14282
11157
31454
22906
13041
30362
27557
31716
11956
5769
7528
20513
6819
10503
12878
16018
4399
9232
14448
3255
12894
5598
31279
15421
5828
7181
10442
23352
28334
22012
5424
10669
8608
22134
27410
14419
514
22674
8765
25754
26902
15319
6695
21997
20269
2980
5063
24628
13339
5583
169
28574
27624
21645
17988
24989
9160
12178
10372
28466
13133
22649
9899
3178
3548
18021
10077
24873
26718
5353
26872
16166
26423
18981
16166
14647
26748
18482
20142
16335
15968
28097
15248
26308
28144
10750
79
14422
17921
1979
19858
14702
25190
29642
25831
803
28518
17066
31207
5506
16749
14695
13952
18319
5377
7611
6029
30855
2808
4473
27306
26216
13544
15659
24135
19891
17888
3578
22524
13937
15189
2767
1308
4724
4703
1208
22925
4319
23846
9869
28887
19177
19606
10195
1402
11741
603
9952
29317
18021
16137
28224
29540
20745
16538
10584
5626
13299
25886
19529
4848
17909
26030
13080
76
1741
15778
15371
4677
11431
4612
24918
24149
10979
11588
5622
21649
5657
25388
27102
25398
2394
28951
14673
30852
28857
11870
27535
22223
23818
8468
1203
28371
17642
19187
3804
13384
22272
17045
7819
8374
16770
27880
30284
22667
4858
27356
3481
9835
6218
3934
506
16583
23533
29066
8562
3505
10881
28444
20759
22766
16514
13096
11008
12365
1369
5388
16484
23096
30613
25506
1279
6793
11896
28858
31928
14751
5301
28871
27778
432
16504
728
4736
9824
3239
29898
10604
19091
22375
6076
15161
6272
2531
14532
1783
8200
19785
4576
247
28485
4372
18224
7217
6501
18065
17506
8162
8121
30108
3693
25722
28937
3755
23938
25781
29483
7695
4927
10247
19155
17526
24871
7997
21933
6323
13135
13410
2729
22210
13145
4575
13463
6
30630
25831
15091
20694
13000
7954
27906
12088
30518
31560
798
30444
25412
18913
19021
18093
18770
18442
11801
12979
10307
1643
5276
124
2097
8967
16603
20428
3934
23139
12117
21747
25454
13290
8411
2126
10964
19856
18337
28432
17035
2742
19094
24898
31750
10829
4849
28937
30569
2111
6156
22312
28153
3594
7542
2245
209
5806
5956
23152
24536
18890
10407
21601
23791
12802
28868
7169
16239
4771
6591
5805
27602
16522
24089
10678
13232
578
30781
15276
25070
15212
12373
23260
22322
26468
31842
11543
19097
10017
26252
3253
685
26205
11702
30426
6801
23542
21590
12024
10111
27029
4484
15253
21109
7821
22609
8271
14890
25094
26969
31005
12615
2138
8860
23255
11476
22463
393
7417
30448
16423
2908
28836
31174
19044
4010
26853
14012
656
31034
22586
15853
25004
8471
10066
14810
31367
22499
2325
25436
28129
6510
12260
29150
27089
7816
26658
23496
14436
16659
15347
31550
8583
26204
1091
27403
9255
25515
2827
12248
19094
4376
8911
418
7729
416
22380
18795
319
633
7184
10031
24093
675
6794
5145
11929
22465
1988
29943
30363
4903
8589
12524
24330
23603
14748
8292
13805
735
29138
26701
11473
20887
3520
5509
22123
9289
104
3214
10111
30140
1353
8585
512
22306
10134
27746
31097
1520
12997
11592
5036
5101
6480
21856
24696
21897
30391
1978
22016
2673
26053
9860
30217
29792
3092
16509
21924
20536
466
29357
18446
25937
25799
4692
12500
7953
31120
13088
16698
25789
22062
23970
9438
9102
8899
2563
24985
16136
5530
13043
28326
23431
25449
5347
18182
14107
1235
28020
31522
1173
30001
20271
1459
31970
20114
23926
26591
6808
26368
1210
20644
13263
21254
751
21370
26162
29039
21565
29236
2390
25679
22521
295
6986
6984
16851
5263
23407
21254
11089
14895
1929
11788
22908
23095
28439
19123
2777
11370
20704
31343
24986
18047
14031
340
15894
23752
17408
27866
7543
30227
10523
9438
20658
5838
13025
29161
8125
10094
9988
17844
11516
6673
25404
10987
11516
4961
29335
21809
18019
6844
3345
29285
11815
5523
13668
8483
21503
4624
26913
12430
13079
9468
5888
3405
6920
24287
20340
723
1287
7273
25475
8165
18780
13840
26069
8534
18711
21243
16907
24084
24574
25375
24146
16744
13001
1192
31543
30841
11666
22682
17853
3091
18055
2744
20396
18342
22754
4261
25133
4498
11291
25673
24212
6305
31579
15734
8573
31445
4405
3787
7194
18789
19345
18905
6091
3586
7144
11909
22511
13662
22455
10669
3579
751
27949
1807
21449
29169
20519
31334
8242
10154
13151
17365
27102
23281
25056
29577
27739
21745
19646
4251
17261
28459
8451
10035
20645
12986
31212
499
7989
31963
854
4755
14851
19628
8307
19912
10236
7732
27329
362
683
30372
7485
21463
23306
1500
16340
12179
24728
305
10010
30257
426
7022
7230
26485
25608
15896
16702
16826
10417
26615
1367
13458
1534
21713
15808
26285
21743
21113
13975
4860
18113
26377
20508
277
3007
11371
31773
23770
23643
1310
12209
12629
6269
3638
7465
2791
28955
29349
19012
1186
20490
954
22178
17651
29204
15079
1659
11652
26442
2247
26001
16992
28059
5471
5731
3161
22950
21925
8612
31399
461
6718
23019
2001
24459
31628
10156
9681
23303
18152
20839
13683
29929
20780
5151
3326
17004
21109
8206
21014
28596
12071
19863
10977
15459
21041
7804
2665
9831
31890
24401
7233
14101
11804
48
4972
9852
2935
25519
24698
18675
25962
30479
4852
31477
17750
438
27130
558
8963
5088
22571
726
10143
26769
452
15422
8708
31438
25613
22441
4154
2061
26866
9821
25149
21737
16877
17401
23040
7450
30507
9736
11441
16293
12270
18903
18751
31568
19761
29828
26650
20313
6027
14680
18490
21607
1109
14934
15714
8641
22031
22292
29606
4798
7168
15818
3115
125
21789
4777
30510
17365
14892
8558
12103
5007
29481
19766
14831
4819
15337
12948
4417
9185
15357
12257
23293
21250
5593
18387
4306
28093
28982
4689
220
6733
1204
12166
13677
851
25284
28981
26377
27593
3525
11852
13236
16183
5997
29883
26735
29225
20331
3462
16896
18144
17738
1817
7666
19016
8601
14813
15581
7466
6729
31496
31207
23971
1622
29113
7051
17621
21674
16964
8601
19676
27198
970
13438
29443
11138
13326
6598
27192
13567
7555
20959
20926
1850
25514
17184
17442
10716
10650
5641
21104
2577
1760
9933
16294
6190
16010
12301
4201
26774
27775
4839
17143
23518
7442
24623
17245
4655
726
1788
28650
11756
16051
19559
16867
10645
28217
28815
28280
17644
29749
9441
5111
19798
12162
14230
18240
17795
5154
6268
5497
12369
23181
6906
19971
750
14665
6478
10412
573
23739
23834
7206
3964
4413
28959
30904
10275
21361
16456
6963
7439
15060
9706
19496
17631
29334
21322
8024
11679
13481
11872
26476
4516
31512
3546
4582
5046
23450
30308
599
1653
16743
15655
11219
17141
31050
13199
15267
21164
17399
16466
16441
28814
25248
2478
18793
9590
20931
5362
5846
968
9798
574
169
18004
16581
13200
22154
22142
19243
16888
1993
155
13439
15403
730
17824
7937
15168
13325
19703
29814
29365
30580
4529
5312
29876
15907
30689
21169
2964
8353
3911
13089
19619
13211
23596
8766
18467
2005
10126
4900
31378
26214
6781
15790
25391
7461
10437
28299
25529
28511
3789
7572
19834
458
26303
15964
16260
16575
6377
520
14907
21411
11108
26979
3091
18599
13555
6699
31643
13745
30509
686
21179
9113
25567
26778
12089
11417
4524
6159
15490
24319
25590
31737
15016
14373
27138
4254
30375
19363
14678
25715
6124
27331
18278
6964
26392
24630
1648
10035
29185
5125
18853
11505
12537
11210
13449
17643
4436
31519
14748
4022
2340
22615
27706
20558
6215
10604
10688
172
23204
15673
24048
5270
4017
17641
26263
24251
15161
432
23148
19455
17244
31417
14140
26900
12247
20319
15172
26186
28293
31135
28127
3496
16678
5325
7009
24379
14432
31879
18498
18350
24579
22504
24447
9499
145
25853
8253
3617
6654
6269
3759
3895
31668
26036
27707
21055
7642
17089
31448
25695
8150
15617
4027
3596
4112
12747
14642
29031
24825
605
31696
25293
12109
16919
27338
12201
15765
29160
8097
18317
18671
29701
21761
31618
6929
29920
10474
18332
139
7768
18957
23249
29262
300
5241
20746
21867
12472
24950
21371
19485
9177
3761
4912
9481
1584
154
20969
3523
13968
9227
27944
16789
18352
13098
8072
5500
27684
16784
27728
1396
24204
21419
26952
9973
6668
1376
23244
9406
30460
1013
22046
10193
735
24367
24065
20927
4762
30135
11651
11301
8670
194
9498
12663
10983
753
3570
21244
13160
7798
10118
8218
25542
5753
13166
29396
4484
697
29559
17809
19967
25719
19961
5663
19803
24464
3173
31223
14781
29417
26654
18371
18106
7440
22922
31261
6416
29216
23912
12186
22164
15333
9316
27655
29292
25920
24808
497
2430
13517
10038
13165
25384
6852
5044
11534
27186
5661
11142
5690
12801
29944
11106
931
23565
29755
14496
12560
29077
637
10385
31581
1425
10787
21010
15298
13032
26312
7521
26712
19171
27107
17967
7640
18401
4771
1014
30374
22605
7454
3212
21263
5582
19627
9465
30415
15549
5516
13446
8151
30684
2513
3606
31309
5189
3448
25529
5587
12704
5593
6271
16396
17049
30786
25738
26716
29074
3038
614
28912
15764
8923
17567
4351
25484
7883
1672
11343
26548
9291
865
17402
21327
12771
12446
25714
31385
7726
20609
13507
24318
16699
1514
2840
394
19762
23152
10881
14753
6715
27312
3571
25584
27035
11493
25745
162
25632
1466
9001
727
22464
8028
20226
3924
30845
14034
26069
21621
10380
21393
1817
3944
2997
7499
17027
15516
27133
17417
12238
23927
9603
11897
13240
14663
18344
25225
5709
10875
26994
23604
20071
19475
31539
18076
9846
6997
12133
19290
7805
25026
3289
27666
12125
31560
27665
6730
21334
19641
25578
380
30667
379
27005
14185
15429
20355
10056
18097
8891
5244
20361
18337
5393
14156
28139
31564
25566
19129
31844
7389
8818
1638
16222
23851
1048
16133
11541
15502
7832
11976
25664
14066
13824
8728
30195
30249
30116
23690
1732
389
14948
18959
2861
2471
21037
20587
9009
914
21699
21736
22850
24068
31165
19019
18531
11781
4049
23303
28042
18368
31057
945
10312
19602
20982
12724
11947
24417
8669
14918
30820
29487
16847
15770
25893
26606
21701
19031
8781
27030
31403
21834
5063
17782
8293
22871
17455
10695
4368
13238
8247
903
11402
4188
330
28293
26420
31414
19311
27576
30454
26269
8815
20948
20868
17799
31290
11295
24544
31738
1671
31617
2849
19271
19899
3547
1650
884
25356
24474
31325
4474
3046
15244
30026
15793
21645
3314
17730
11912
22533
6102
7929
889
16175
2975
13836
7228
15156
9186
10887
24635
549
19323
28586
6727
31973
30173
4077
15497
26944
8870
29249
8379
19293
16247
1177
6296
7003
23554
28585
25232
13365
25700
14317
22209
7402
21942
28654
24611
27867
8414
24513
5634
20340
12203
17872
2482
27406
16418
5341
7294
12052
2578
21315
29153
19813
25327
638
20985
25338
21468
7664
4152
5065
22026
21467
19037
7657
10561
13234
5026
10230
30908
7830
24631
20151
16954
24346
17648
13822
13138
24906
24379
8400
28935
11244
31060
21702
155
516
16060
19635
12458
15263
5351
390
30063
30922
27700
14452
17257
27105
7459
22863
1315
31246
9667
26680
24912
16656
23401
20349
6678
13628
25767
16060
30380
16066
3964
30792
27431
4146
22473
3534
29329
26687
12804
20537
20284
8386
28208
30418
9557
12034
18189
16812
9148
31026
29068
6975
12051
9531
16517
82
17174
17596
12460
7456
297
591
28866
8883
2872
13327
14856
28563
23995
30551
3321
14501
29720
14796
9784
30541
5167
21405
16328
30166
13871
5897
29307
31508
4526
31010
19373
22855
249
14289
27441
25667
11944
8475
15756
4814
16758
24482
9825
20298
31312
28783
12077
15252
30892
9710
3637
27691
6428
23610
6588
24213
8739
17051
31608
12030
13127
24142
14407
20771
10855
10884
24607
20590
29519
31148
31299
23394
30090
31733
445
7738
5239
3855
1544
12493
30112
15154
17421
7093
326
354
19281
14512
20801
24305
876
29254
519
10821
9661
9901
6666
11484
603
12777
31559
7820
3920
25399
4891
26128
21762
25004
15449
17088
25330
17434
1947
17312
2473
24627
24021
12188
12015
5361
12592
17170
9533
5173
12309
26257
6005
28590
11911
17121
23761
27900
14775
22083
18713
25877
2514
28409
19738
13032
17950
12041
31571
30017
20293
62
17649
10221
1009
1905
766
22558
13208
14854
8149
30737
13210
20665
29913
5613
19081
25755
12390
31215
26055
6999
22536
28612
19799
23482
15083
16182
18925
11123
26771
6155
28999
6679
716
29994
3264
23912
27110
15104
20003
726
22042
5410
18109
23110
2383
22324
21686
274
22020
25865
31393
7250
20612
26123
21841
25947
4959
18398
9198
17285
10266
21568
5705
16432
26662
24116
21869
14857
27151
19039
31351
20617
20214
30386
26535
10431
1089
17737
14262
28496
19857
20115
14186
15292
10996
435
7529
14562
28509
8743
29771
14023
6993
9640
27378
2451
20450
3409
541
23004
28129
26371
13884
18983
13648
15367
22655
5548
30998
17909
25138
3162
15094
27349
8013
4123
17346
17541
9542
30553
3020
14171
7977
30913
1950
23562
8171
1095
11499
16586
28412
11626
17349
17843
795
2745
22543
6250
8046
11926
24374
4864
18130
7482
26140
535
31088
25593
23381
5703
28817
13767
18838
1216
19635
12540
5738
6960
27099
12884
6439
19175
20014
22842
7713
28473
26299
8518
10781
21283
1692
13572
4617
14898
23613
24055
15082
28833
20731
13789
5653
9921
1777
52
11682
7070
26894
15103
21790
23264
363
2499
21120
4591
2524
13780
4958
16475
27334
4310
16993
18298
7216
7806
20727
7507
7452
408
18759
9914
29975
14416
31850
31933
29711
19114
24792
8511
9317
9810
13600
26339
9027
29851
15069
4140
21296
20417
7653
27106
7393
20594
23491
25783
12882
5260
16232
29226
2070
9001
17693
10412
30956
20953
31420
29441
18322
3886
12320
20202
29406
13950
3034
24321
4106
20708
22565
21476
8016
26504
7197
28821
3766
19232
21803
11809
24364
29879
25796
17024
8148
25517
1619
3773
13217
7424
24947
14423
5411
12233
3170
29158
3233
25354
4786
14081
3177
28838
21570
607
10084
29105
20589
11582
21997
24554
12673
15105
31971
20614
11379
27677
27389
19504
2257
1334
16478
26701
25847
20357
29802
1412
2694
27516
28119
22398
26386
13997
24839
6634
26
18664
26773
5829
24895
19619
3118
25048
6061
13983
10658
28034
26077
8393
29754
23735
27775
19551
332
13897
7601
3923
270
23910
25460
12532
22184
29539
2657
31179
23181
1719
17560
31427
9226
13131
22778
20366
20256
6129
21144
24643
18319
17713
17514
26188
18995
2380
30021
14463
4243
15739
2055
8843
23224
30840
29717
19350
19259
19007
25095
28708
18850
25878
16545
29499
24301
22475
9733
2757
16491
15677
20776
2869
31954
1309
24451
5741
654
14838
2827
12767
24155
26731
1122
2035
9487
3009
15695
22697
5049
9117
14188
23936
751
22286
11038
9366
25187
18637
6858
10000
1464
196
9798
7868
13204
3790
12942
24309
10999
19134
14777
13512
4811
21922
22315
4693
1980
16457
25611
2423
15433
31490
14328
22951
24347
29351
25079
5405
15254
473
28080
8505
18607
1423
2267
5666
6653
30667
7413
16813
26386
2986
12599
20864
7435
22439
10440
26743
11878
13080
12594
9030
5396
759
29971
20576
15055
16873
26389
24344
15278
9849
14623
18950
14071
25253
21453
173
8756
2460
25118
5210
21129
16581
17773
11343
12356
29954
1443
1313
18614
30007
4522
606
12866
5638
25637
372
30387
17117
24670
12495
30674
8243
31615
17985
569
8974
1542
422
610
16841
10611
199
4099
8724
28227
126
17310
26684
24098
14109
2643
2989
5725
2826
27642
21685
24214
172
30574
26506
6075
19593
18731
143
5945
3760
24604
17875
17004
20565
13486
20954
345
1211
17961
23457
18338
4439
4672
8156
1711
8498
10983
28546
29745
18319
24164
1931
8654
13774
9641
5625
31508
2192
19681
4117
21171
28700
2633
15867
20457
14337
30529
8024
20541
29181
8099
3443
4464
18462
6995
15978
14257
14887
26135
3518
1040
18997
27049
11794
20277
23714
28171
10288
7250
20266
25627
19277
22614
2892
15975
29326
6500
6131
19522
17355
29315
28246
19224
19346
12183
5661
8702
6767
3472
19653
31629
18282
17121
15429
12785
31698
27699
1266
16701
27705
12635
7840
13313
25280
13962
21770
15903
16021
11716
25460
31194
3257
7316
29582
31536
7687
10749
924
11626
15986
2227
30676
12017
29070
20876
23303
8035
22610
25137
4740
5094
9244
5145
2362
9661
15093
24504
5660
20249
28950
16371
8650
2609
31660
27096
20333
26260
217
11404
11490
2238
26875
3460
11804
18410
21808
29944
30659
24104
24346
404
15649
24239
1503
17011
13631
26228
27764
10822
27467
15100
19740
9944
28221
19310
17963
22967
9147
18412
25616
1834
16953
17187
3218
25706
13924
4641
12122
5647
30657
24167
24498
29385
4241
7744
15244
24144
23801
26449
17350
20638
17759
20336
2476
23899
30743
20410
21951
20377
26175
24031
11189
11713
2023
12225
20416
14797
11126
23870
12563
16824
21576
21577
23971
21555
27804
21312
25386
11674
20142
23929
16754
28966
26912
24095
20944
612
670
27964
18414
4838
24770
27414
12238
14392
22069
26047
3340
7701
31768
31976
611
10459
6818
14326
4211
7229
1290
600
3778
6712
27815
16919
6656
3656
28502
15534
17551
22747
25884
15901
28227
20230
12556
13881
15462
25207
6507
16454
21247
1451
27411
18631
13139
8289
27669
17813
25517
10318
24994
13359
17499
12818
11564
21073
13817
3691
17608
17608
29938
18344
2775
8324
20035
4961
18661
2543
4482
3174
20945
24189
25631
18677
3886
7300
23019
8496
233
78
30422
14797
24109
30062
252
10000
6788
3919
12772
15350
10815
21523
27135
22964
29464
13978
8568
21343
28181
13536
25388
14829
5039
9101
14071
9308
21299
22471
29745
18481
6505
9035
7544
30244
10868
22204
10672
20250
21241
15930
24137
17747
13443
19511
7872
15845
12582
26246
21865
26217
14947
2485
22891
4852
1868
13981
30220
14409
30184
24119
30511
22092
7129
16306
24346
26298
19004
27842
10621
9240
2257
26682
16304
15593
19548
4829
573
18212
27723
23153
2974
2021
7064
24342
4168
25443
26865
726
743
2338
2583
6013
19436
12394
30340
7851
30533
30967
5456
20519
21355
17394
597
23158
3746
6432
11922
4525
30589
27738
24525
131
6560
22333
21372
4010
6089
6946
2278
14176
26386
591
30342
28481
20336
24433
11952
20575
21888
322
14199
7572
29059
28816
6605
9751
14246
13408
27628
13902
21896
18541
23285
2787
2294
22487
30679
31258
29689
19993
19315
18274
29202
26428
30206
21802
21188
4171
23974
10485
7507
11270
12408
30129
16844
4058
15745
8260
23365
19729
26931
29289
26470
6727
16651
28602
5928
28957
29297
269
7389
13361
10464
27140
7025
29005
5958
15584
6895
5086
12462
16534
9798
7080
21532
36
30286
11193
28600
25126
19974
1435
24367
15269
27680
17614
2391
26927
13759
28277
274
2860
382
10576
11636
6768
4534
12778
15656
7692
24825
24340
26895
29546
31714
19089
18987
23705
13585
29203
18108
18661
6257
25703
23208
2987
5820
20204
16160
30059
2626
584
13697
799
30950
11615
31096
6091
14185
8573
7786
29782
20971
2771
23571
24984
23982
6698
3693
16564
6174
13522
27859
30120
30478
21467
15462
24610
3653
25480
432
22166
28217
14080
30087
22413
24602
25671
16692
25920
8978
7277
17877
16229
3788
21509
29440
28489
16179
20441
28841
23071
11644
27100
8262
19863
23142
8800
14640
15027
28096
20873
1101
4823
28460
3330
31468
31519
31780
5614
19696
18932
7994
25378
4657
738
11428
7057
11039
17572
18423
5383
5289
23937
30515
11035
13149
31196
26368
607
22992
8454
17463
3033
3648
29782
20132
23735
21368
25724
2315
11838
30964
20754
10856
6660
13894
18036
13435
26207
5560
19922
21380
30493
29235
899
27468
13941
3167
26524
30052
2622
31500
7362
5297
10591
31441
2364
553
25991
24818
3660
14039
15646
13703
18880
30501
18811
14555
5572
9050
23895
22547
15098
29026
26497
21776
2253
29646
28116
9622
18434
4635
13415
19885
15247
22071
25859
14663
9137
13121
19162
22820
30521
10640
30325
1779
18214
27640
24047
29882
121
27208
19809
11127
69
25879
15261
23816
11782
28353
22303
3400
4147
171
24384
22139
3863
29648
7597
19692
23004
16246
5144
17876
8681
31039
12845
1406
8302
9065
10184
6313
6716
28238
10085
23854
21979
9773
11480
225
14294
11821
7230
26046
31066
11423
19763
28221
11519
19588
22085
19718
1510
14415
11433
1227
5380
12780
27693
23921
28861
27648
23406
10097
31413
2163
75
20094
14307
24620
22681
615
28391
30747
2840
25920
157
18301
9382
16829
12018
13147
13747
25822
17910
25428
25589
18385
23347
21405
17501
20244
5950
18502
4425
30682
15755
1471
4347
29872
26245
29338
16458
95
8158
1682
5527
22037
26404
10957
28675
20929
12950
28510
1759
21436
31797
14862
28005
5294
798
21084
420
11950
14102
28354
17857
13483
615
10042
13917
22795
26091
28929
18770
26515
7014
1947
20898
5767
12824
26391
7601
29458
22931
15252
14514
27879
20171
27140
24671
17705
8044
5680
749
25737
14192
18941
22847
23726
27888
8685
29018
6361
313
8936
15641
457
13861
7485
31009
6364
10913
16612
24
20088
18834
18182
24082
6057
10207
21694
14412
1803
18117
31522
23837
27883
17266
30845
4137
17065
9423
7903
26328
25952
15261
984
18695
25545
18627
23936
27133
25437
24038
12474
19872
24762
11323
13498
11752
20296
13721
4037
21653
23580
5075
20792
15645
22557
19012
19660
4841
3429
21931
15128
24512
1002
28218
17240
387
31069
12265
21100
9756
4178
7440
25380
8369
31394
12085
7098
797
8973
27170
25760
30880
6692
9531
23676
30421
19047
526
19826
28133
14250
12077
1953
18683
19901
10809
17648
21240
587
19519
31242
21351
19971
69
14503
30643
16630
1065
1806
23703
13888
31650
20695
19415
27371
7592
21750
558
31760
22779
13557
4487
4159
25853
2433
13168
12321
18371
8232
8139
4700
620
18017
15302
24247
22449
17869
13582
11391
24766
30140
23872
16425
25664
1523
22945
19512
9152
26285
31502
14690
4911
29151
21046
14830
11970
14784
21510
11360
25344
8329
8805
4440
15129
7545
19746
6328
18809
21277
7978
2565
412
23246
19455
3088
25125
27003
4453
4053
25131
12713
8543
25251
11476
9911
26713
11133
18468
1383
935
22465
23575
17818
31790
15111
25325
22875
6497
26188
13253
23839
24688
31312
7021
7499
5051
31036
30585
5367
18061
23432
1938
18930
22791
27676
26897
10758
28762
12213
28877
19837
16186
23435
22320
17123
12943
7985
27281
18446
22125
17852
15293
5212
1862
29223
30935
6204
17246
31478
27235
22000
12416
10522
18077
14225
10736
24085
20239
1619
27296
25950
27746
26378
10150
29959
15477
748
12014
8605
18092
11162
24108
18768
19083
23899
1557
14931
23683
6824
3535
6278
17675
11757
27302
18003
22003
30349
16384
21717
10741
31270
15251
16192
654
6935
469
30077
14348
6207
16052
31252
28647
14856
11912
5967
3412
20644
13126
28573
4120
26519
18934
27956
21914
21110
29799
21754
28733
30446
27425
166
2284
30727
11163
1058
502
9898
13998
16948
14877
23394
4938
13406
25322
7519
26984
27139
30019
15040
18751
714
24895
13842
29371
10312
11832
11539
12587
19161
21538
7356
7994
9678
16156
9855
26400
20174
12613
15054
21273
21622
30417
19676
16918
12355
8284
29607
21683
4018
14205
7222
26218
14501
8607
12575
9990
3337
9484
23373
26714
29110
17483
16384
29746
7318
25516
24597
393
3594
27937
31880
2046
14729
26191
9271
17538
8587
11493
20201
23123
27301
19757
10638
3374
10741
9953
30665
10687
29376
21567
11947
17756
26458
1887
11458
9715
20806
20933
13138
26177
1183
2611
1250
10821
4790
17600
19706
30709
4093
4398
13612
2095
28964
29561
19281
9202
17281
19116
7445
25038
17589
6648
11446
22425
7565
26631
8968
5220
17446
10382
25277
30381
18773
25634
24803
13015
5445
4684
26286
7639
22370
23007
8312
4143
11638
11145
7686
29984
17938
27305
10253
23067
560
6240
3828
4730
23062
13547
22236
17261
2430
19248
25822
27703
18163
23190
4499
16026
2686
4890
17626
23439
10114
6048
468
18491
15845
14982
29237
12063
18032
26751
5048
16783
15993
13727
17135
19813
14015
16562
28741
23286
18837
24786
25661
26437
15427
20793
3067
3703
20393
20307
28422
14983
1061
24343
12876
10811
21687
10648
19559
25687
11619
10711
20254
27408
8407
7132
27183
17347
8526
25093
2892
9959
16564
21661
16227
27713
15371
12208
14626
1878
22029
4894
8379
10278
17683
18671
4324
21527
14389
17894
25890
2864
14259
6233
15688
19847
25748
14656
23098
5373
23436
29579
14327
5928
16163
21945
2263
25489
11540
24998
30225
12832
8947
28324
18815
30164
5651
29134
25766
1975
17063
8345
10481
273
30247
8620
13629
989
22774
16370
7322
17529
31553
21485
31312
16290
10538
22349
1825
6559
18982
22209
5070
15291
20387
13837
3293
22777
30447
31325
27544
11012
25173
3800
14425
31589
19849
14201
517
19704
24902
9754
28375
14753
27189
26066
19039
22587
30481
4225
13514
16081
8713
681
22371
29969
2405
384
16986
27389
15213
1859
22468
18404
6534
10700
26596
9617
30367
20327
25257
3010
29899
9698
17015
16348
26159
4067
5163
15580
13599
31870
16473
26513
6020
23815
31191
21257
4481
11557
30080
10569
2902
16680
20274
3136
387
20125
16409
766
305
25375
2608
18210
7887
15728
15620
1681
249
15560
14268
28014
925
23148
3158
3142
24928
24963
10291
28298
15678
22821
26070
30019
25201
21686
27625
18945
15253
7794
127
275
17673
28744
8098
10751
407
12012
14342
8490
8281
23336
2330
3543
5843
11635
12105
2391
2661
4036
894
1150
30182
27048
1764
5204
4232
29331
15345
30477
3842
370
4258
25916
749
30859
15880
835
18287
127
16643
1806
279
23979
20558
26113
14089
15545
29627
7982
29019
27507
8384
30156
14527
1749
51
12260
14689
20327
16722
11598
19219
6090
7686
27356
14247
400
29801
17877
16540
31825
6533
5029
10238
15098
18783
25042
16519
4969
22580
29234
18698
31799
2306
18268
5906
7381
11594
21852
21702
9179
29204
10923
22031
22428
308
9566
18685
5374
17869
2205
17767
12425
14099
1623
721
28093
9301
4404
9108
169
3898
2763
6202
19897
14667
8726
13862
23504
7601
30242
11901
11414
14400
20747
10816
28436
15797
3880
25784
16510
10556
1667
17688
28495
17206
652
15198
29851
1336
10254
25722
6049
598
21857
14770
28577
8867
21218
20293
14317
5361
26528
26190
10817
29150
9816
21996
21335
7440
1700
4000
5559
2495
7791
17142
20173
7028
4012
25704
21053
1041
326
7039
12155
17170
8796
23611
30102
10770
19112
12213
26964
2705
25405
28675
24964
28916
21625
31580
15760
4301
20024
8828
10834
18013
21321
22090
10536
20824
6431
22713
3403
11495
4041
29932
25436
10483
9765
669
30528
10401
7760
14527
27694
10777
1632
4962
6918
31628
10582
20696
10981
16757
3150
18966
6134
12831
19449
10844
7307
10855
28237
18969
12396
706
31867
12553
4718
13187
31010
928
4168
27479
1730
24491
163
21266
21107
27701
9072
19373
5847
8359
23678
2959
19277
1844
31820
5131
21351
371
2844
8235
17055
15951
19016
28844
2117
9245
24537
6473
6076
2571
24662
13117
24806
11713
10970
6403
11485
27202
19305
3936
13028
18707
22404
674
31133
11935
30971
10028
22652
9690
6915
24619
11643
3877
28040
26538
6927
13938
12997
17614
25179
5288
2833
13657
11684
16457
13052
17268
24326
20818
26522
26796
14181
15458
25887
25146
27046
26911
13228
6791
28190
2005
13929
19439
10826
27233
12500
16581
16577
25678
13913
21656
7528
30269
14370
6837
4581
18570
9520
19949
5718
14636
20651
28057
578
221
4726
11227
20943
13180
22023
4390
19254
8111
2934
30976
6261
20940
11987
19462
10564
15866
22973
6961
29001
21907
4912
89
22159
3021
20895
26615
25653
3482
25411
10287
5475
12492
12466
2318
19586
24189
3507
8720
19117
31918
3153
12517
15202
6958
1582
19828
10366
26558
20506
7969
27240
11634
19428
30539
26764
25434
19568
29977
15883
3682
10
5751
5808
31351
21754
23131
22567
3819
3161
22605
27497
16923
28451
28966
14971
28751
22925
23
13912
6625
4248
6894
31020
19618
5606
1173
22722
15481
28108
3292
63
20301
2986
10872
20498
8229
22647
13387
22308
15758
1952
13030
20564
10046
11795
27468
8487
20214
20374
1784
28346
8365
22110
33
29180
21994
10461
8511
23579
6258
20955
31431
24380
14371
28360
19002
12143
30752
22609
24421
4066
14126
14641
9442
16469
30558
1866
1246
24269
2285
4852
2846
4493
23656
8341
26692
3394
16403
16498
14927
19326
3212
22724
15970
1383
1196
5647
20422
18097
27822
13743
22577
11465
7315
24243
5449
9811
4548
31983
22372
18135
17402
21069
7570
695
16731
12900
13021
26469
21990
7244
12495
9170
16912
9904
2869
29994
17583
29220
2339
19390
31768
5561
20280
15426
25220
14799
24355
4408
27065
21803
12390
4268
31206
16458
18010
18978
22478
4852
26484
205
13864
20
22982
1537
30278
9158
18633
6123
23542
30642
14425
6272
14502
24985
10497
12467
20939
4141
20857
13291
1667
6694
4461
22452
30840
5010
384
5044
15368
3436
17553
15842
21412
13169
316
14066
31350
31791
4773
15123
583
8031
4977
10973
18591
18036
276
24709
1838
11124
12114
25940
874
6663
12288
6999
24954
1742
16140
12119
7763
12533
15549
26379
29985
524
23355
8077
13288
8210
14417
4107
17259
