31983
31976
31975
31973
31973
31972
31971
31970
31970
31969
31968
31966
31965
31963
31962
31961
31958
31958
31954
31950
31950
31949
31945
31941
31933
31928
31918
31918
31893
31892
31890
31880
31879
31873
31870
31867
31866
31861
31860
31858
31856
31856
31853
31850
31847
31847
31844
31844
31842
31837
31828
31826
31825
31823
31820
31819
31811
31804
31799
31797
31791
31790
31789
31786
31780
31773
31773
31773
31772
31769
31769
31768
31768
31763
31760
31750
31741
31739
31738
31737
31734
31733
31729
31718
31716
31715
31714
31711
31710
31705
31702
31698
31696
31695
31691
31691
31690
31682
31676
31672
31672
31671
31668
31667
31665
31662
31660
31650
31644
31644
31643
31642
31629
31628
31628
31625
31625
31625
31618
31617
31615
31608
31606
31605
31603
31601
31600
31596
31590
31590
31589
31581
31581
31580
31579
31578
31575
31574
31573
31571
31569
31568
31564
31560
31560
31559
31553
31550
31543
31539
31539
31536
31535
31524
31523
31522
31522
31519
31519
31512
31508
31508
31508
31502
31500
31496
31496
31492
31490
31488
31481
31481
31478
31478
31477
31477
31468
31460
31454
31448
31445
31441
31438
31434
31431
31427
31426
31420
31417
31417
31414
31413
31403
31399
31396
31396
31394
31393
31388
31386
31385
31378
31370
31369
31367
31361
31361
31351
31351
31350
31344
31343
31334
31331
31331
31328
31326
31325
31325
31324
31317
31313
31312
31312
31312
31309
31299
31295
31294
31290
31287
31279
31275
31272
31270
31261
31258
31257
31252
31251
31250
31247
31246
31246
31244
31242
31242
31235
31231
31224
31223
31218
31215
31213
31212
31207
31207
31207
31206
31196
31194
31191
31191
31181
31179
31174
31174
31165
31165
31158
31158
31151
31148
31135
31133
31129
31120
31112
31102
31099
31097
31096
31088
31084
31080
31069
31066
31060
31057
31051
31050
31046
31040
31040
31040
31039
31039
31036
31036
31034
31032
31030
31027
31026
31021
31020
31017
31017
31010
31010
31009
31005
31003
30998
30995
30982
30976
30974
30971
30968
30967
30964
30963
30958
30956
30950
30950
30948
30948
30941
30939
30938
30935
30932
30927
30926
30922
30913
30910
30908
30904
30904
30903
30893
30892
30884
30880
30877
30860
30859
30857
30855
30852
30852
30845
30845
30844
30841
30840
30840
30825
30820
30810
30796
30792
30792
30791
30791
30786
30786
30782
30781
30779
30778
30769
30766
30756
30752
30751
30747
30743
30737
30733
30727
30726
30725
30717
30709
30699
30695
30695
30689
30688
30684
30682
30679
30676
30674
30668
30667
30667
30665
30665
30661
30659
30658
30657
30653
30652
30643
30642
30642
30640
30633
30630
30620
30614
30613
30612
30593
30589
30587
30585
30584
30583
30580
30574
30569
30564
30558
30554
30553
30551
30548
30545
30544
30541
30539
30533
30530
30529
30529
30528
30527
30521
30518
30515
30515
30511
30511
30510
30509
30507
30503
30501
30501
30497
30493
30490
30490
30487
30485
30482
30481
30479
30478
30477
30476
30465
30460
30454
30448
30447
30446
30444
30435
30426
30424
30424
30422
30421
30421
30418
30417
30415
30407
30400
30393
30391
30387
30386
30381
30380
30379
30375
30374
30372
30367
30363
30363
30362
30362
30356
30349
30342
30340
30340
30334
30334
30325
30325
30324
30323
30315
30312
30308
30305
30298
30288
30286
30284
30282
30278
30278
30269
30269
30269
30257
30256
30254
30249
30249
30247
30244
30242
30242
30230
30227
30227
30225
30223
30223
30223
30220
30217
30217
30216
30216
30210
30206
30204
30195
30195
30191
30184
30184
30182
30182
30173
30166
30164
30160
30156
30154
30140
30140
30138
30135
30129
30128
30120
30116
30113
30112
30108
30106
30103
30102
30090
30088
30087
30085
30084
30080
30077
30068
30067
30063
30062
30059
30058
30052
30035
30029
30029
30026
30021
30019
30019
30017
30014
30007
30006
30001
30001
30001
29994
29994
29993
29988
29985
29984
29982
29977
29975
29971
29969
29963
29960
29960
29959
29959
29958
29954
29954
29944
29944
29944
29943
29939
29938
29932
29932
29929
29922
29921
29920
29913
29903
29899
29898
29883
29882
29879
29879
29877
29876
29876
29874
29872
29864
29853
29851
29851
29847
29841
29841
29828
29815
29814
29811
29810
29802
29801
29799
29794
29792
29782
29782
29781
29771
29761
29755
29754
29752
29751
29749
29749
29746
29746
29745
29745
29737
29734
29734
29732
29728
29725
29725
29721
29720
29717
29715
29711
29709
29707
29706
29701
29700
29691
29689
29689
29688
29682
29678
29664
29652
29648
29646
29642
29639
29634
29627
29625
29615
29611
29607
29606
29603
29600
29599
29596
29582
29581
29579
29578
29577
29572
29570
29565
29561
29559
29557
29557
29546
29542
29540
29539
29535
29534
29533
29529
29528
29520
29519
29519
29499
29491
29487
29483
29481
29477
29468
29466
29466
29464
29461
29458
29457
29447
29445
29443
29441
29440
29434
29432
29422
29417
29417
29416
29406
29399
29399
29396
29394
29385
29381
29376
29374
29371
29370
29365
29363
29363
29361
29360
29359
29357
29353
29351
29349
29345
29345
29341
29338
29335
29334
29331
29331
29329
29326
29325
29325
29320
29318
29317
29315
29307
29302
29298
29297
29292
29289
29285
29276
29269
29267
29262
29254
29249
29243
29243
29237
29236
29235
29234
29228
29226
29225
29223
29220
29217
29216
29204
29204
29203
29202
29202
29195
29188
29185
29184
29182
29181
29180
29177
29169
29161
29160
29158
29153
29151
29150
29150
29150
29138
29134
29130
29125
29123
29122
29116
29113
29110
29110
29107
29105
29096
29093
29091
29085
29077
29076
29076
29076
29074
29070
29068
29066
29064
29059
29059
29052
29049
29044
29039
29033
29031
29030
29026
29021
29020
29020
29019
29018
29018
29005
29004
29001
28999
28999
28982
28981
28978
28976
28966
28966
28964
28963
28959
28957
28955
28953
28951
28951
28950
28949
28937
28937
28937
28935
28935
28932
28929
28916
28912
28912
28909
28901
28900
28887
28886
28882
28877
28875
28873
28872
28871
28868
28866
28865
28861
28858
28857
28851
28844
28844
28841
28841
28838
28837
28836
28836
28835
28833
28821
28817
28816
28815
28814
28809
28808
28805
28792
28791
28783
28764
28762
28751
28749
28744
28741
28733
28725
28715
28712
28709
28708
28701
28700
28696
28692
28683
28680
28675
28675
28674
28668
28667
28658
28654
28650
28647
28644
28639
28639
28633
28633
28625
28622
28612
28609
28602
28600
28598
28596
28593
28591
28590
28586
28585
28585
28584
28582
28577
28574
28573
28563
28556
28552
28546
28539
28537
28531
28527
28526
28523
28523
28522
28519
28518
28511
28510
28510
28509
28508
28504
28502
28502
28501
28498
28496
28495
28489
28485
28481
28476
28475
28475
28473
28466
28466
28460
28459
28451
28449
28445
28444
28443
28439
28436
28432
28428
28422
28418
28412
28409
28403
28400
28399
28393
28391
28385
28383
28378
28375
28371
28369
28367
28360
28354
28353
28352
28348
28346
28344
28342
28339
28336
28334
28326
28324
28320
28313
28308
28306
28304
28302
28299
28298
28296
28293
28293
28280
28277
28277
28272
28270
28261
28255
28250
28246
28238
28237
28234
28233
28231
28227
28227
28224
28222
28221
28221
28218
28217
28217
28208
28200
28199
28198
28190
28181
28181
28181
28176
28171
28171
28161
28158
28153
28152
28152
28152
28151
28144
28144
28142
28140
28139
28138
28133
28131
28129
28129
28127
28121
28119
28116
28109
28108
28099
28097
28096
28093
28093
28093
28088
28086
28086
28085
28082
28082
28080
28077
28066
28060
28059
28057
28057
28056
28042
28041
28041
28040
28040
28039
28035
28034
28023
28020
28016
28015
28014
28005
27994
27982
27981
27979
27975
27964
27962
27959
27957
27956
27955
27954
27949
27949
27944
27944
27942
27937
27933
27925
27923
27912
27906
27905
27900
27898
27895
27890
27889
27888
27888
27883
27883
27883
27880
27880
27879
27875
27875
27873
27868
27867
27866
27865
27863
27859
27856
27844
27842
27828
27823
27822
27815
27804
27784
27781
27780
27778
27775
27775
27767
27767
27765
27764
27760
27758
27746
27746
27743
27739
27738
27738
27735
27729
27728
27723
27713
27713
27711
27707
27706
27705
27705
27703
27701
27700
27699
27699
27694
27693
27691
27689
27684
27680
27677
27676
27669
27667
27666
27666
27665
27659
27658
27655
27648
27646
27642
27640
27639
27628
27628
27627
27626
27625
27624
27611
27603
27602
27593
27576
27575
27575
27575
27573
27564
27563
27560
27558
27557
27552
27549
27544
27544
27543
27535
27531
27527
27516
27516
27514
27513
27513
27511
27511
27507
27502
27497
27480
27479
27472
27468
27468
27467
27466
27460
27441
27441
27441
27436
27431
27431
27425
27421
27420
27417
27417
27416
27414
27411
27410
27408
27406
27404
27403
27402
27400
27400
27400
27389
27389
27388
27387
27382
27378
27371
27362
27360
27356
27356
27356
27349
27348
27346
27345
27338
27338
27334
27331
27329
27312
27306
27305
27302
27301
27296
27285
27282
27281
27279
27269
27261
27252
27251
27249
27247
27244
27242
27241
27240
27237
27235
27233
27232
27230
27219
27208
27202
27201
27198
27192
27189
27187
27186
27183
27171
27170
27165
27151
27150
27140
27140
27139
27138
27138
27135
27134
27133
27133
27133
27133
27132
27130
27110
27107
27106
27106
27105
27102
27102
27100
27099
27099
27097
27096
27093
27089
27086
27065
27064
27062
27051
27050
27049
27049
27048
27046
27038
27035
27030
27029
27022
27005
27003
27000
26998
26994
26993
26993
26992
26984
26983
26979
26975
26970
26969
26964
26963
26953
26952
26950
26944
26940
26937
26933
26931
26927
26925
26913
26912
26911
26911
26902
26900
26897
26895
26894
26875
26872
26870
26866
26865
26860
26858
26853
26852
26839
26838
26837
26835
26832
26823
26818
26818
26817
26811
26810
26808
26807
26798
26797
26796
26796
26794
26790
26786
26783
26778
26775
26774
26773
26771
26769
26767
26765
26764
26757
26751
26748
26743
26738
26735
26734
26733
26731
26718
26716
26715
26714
26713
26712
26712
26701
26701
26693
26692
26687
26687
26685
26684
26682
26680
26678
26675
26674
26664
26662
26662
26658
26658
26655
26655
26654
26650
26642
26633
26631
26629
26625
26624
26624
26621
26621
26619
26615
26615
26612
26606
26601
26596
26592
26591
26572
26569
26566
26558
26558
26553
26551
26548
26545
26544
26541
26540
26539
26538
26536
26535
26534
26528
26525
26524
26522
26519
26515
26513
26507
26506
26504
26502
26497
26493
26492
26485
26484
26483
26481
26476
26470
26469
26468
26458
26457
26449
26449
26442
26437
26428
26427
26423
26422
26422
26420
26419
26404
26404
26402
26400
26399
26399
26397
26393
26392
26391
26389
26386
26386
26386
26379
26378
26377
26377
26371
26370
26368
26368
26365
26359
26346
26341
26341
26339
26338
26336
26330
26328
26326
26312
26308
26303
26299
26298
26293
26291
26287
26286
26285
26285
26285
26283
26278
26277
26275
26269
26269
26263
26260
26257
26252
26247
26246
26245
26237
26233
26231
26228
26227
26220
26218
26217
26216
26216
26214
26207
26206
26205
26204
26191
26190
26188
26188
26187
26187
26186
26183
26181
26177
26176
26175
26167
26162
26159
26157
26155
26149
26146
26140
26139
26135
26132
26129
26129
26128
26128
26128
26124
26123
26121
26115
26113
26113
26111
26108
26108
26107
26106
26106
26103
26097
26091
26089
26085
26084
26079
26078
26077
26077
26076
26070
26069
26069
26066
26062
26061
26058
26055
26053
26047
26046
26036
26035
26030
26020
26020
26012
26002
26001
25994
25993
25991
25986
25985
25979
25962
25960
25959
25954
25952
25950
25947
25944
25940
25940
25937
25924
25920
25920
25920
25916
25899
25896
25893
25890
25887
25886
25884
25880
25879
25878
25877
25874
25872
25872
25867
25865
25860
25859
25857
25853
25853
25853
25851
25847
25847
25846
25838
25836
25835
25831
25831
25828
25822
25822
25815
25813
25811
25811
25802
25801
25799
25796
25793
25789
25784
25783
25781
25779
25777
25774
25767
25766
25760
25759
25758
25755
25754
25748
25748
25745
25744
25739
25738
25737
25724
25724
25722
25722
25722
25720
25719
25719
25715
25714
25713
25710
25706
25706
25705
25704
25703
25700
25698
25698
25695
25693
25692
25691
25687
25682
25679
25678
25673
25673
25671
25667
25664
25664
25661
25657
25653
25644
25639
25637
25637
25634
25632
25631
25628
25627
25622
25617
25617
25616
25613
25611
25610
25609
25608
25604
25600
25597
25594
25593
25590
25589
25584
25581
25578
25578
25572
25568
25567
25567
25566
25559
25545
25543
25542
25536
25533
25532
25529
25529
25529
25524
25519
25517
25517
25516
25515
25514
25509
25506
25496
25489
25484
25484
25483
25482
25480
25477
25475
25471
25464
25460
25460
25460
25458
25454
25449
25443
25441
25438
25437
25437
25436
25436
25434
25432
25428
25428
25422
25412
25412
25411
25410
25406
25405
25404
25404
25402
25400
25399
25399
25399
25398
25391
25388
25388
25386
25385
25384
25381
25380
25380
25378
25375
25375
25375
25374
25371
25369
25366
25356
25354
25352
25348
25344
25338
25337
25331
25330
25328
25327
25325
25322
25321
25316
25312
25304
25302
25297
25295
25293
25288
25287
25286
25284
25281
25280
25277
25267
25258
25257
25253
25251
25248
25248
25244
25236
25232
25232
25225
25220
25219
25218
25216
25213
25208
25208
25207
25205
25201
25200
25197
25197
25196
25190
25189
25188
25187
25181
25181
25179
25173
25169
25164
25162
25161
25149
25148
25146
25138
25137
25137
25134
25133
25133
25131
25129
25126
25125
25120
25118
25111
25111
25095
25094
25093
25090
25079
25070
25070
25066
25056
25051
25050
25048
25047
25042
25038
25028
25026
25025
25022
25011
25006
25004
25004
24998
24998
24994
24992
24989
24987
24986
24985
24985
24984
24984
24981
24979
24964
24964
24963
24954
24950
24950
24947
24945
24936
24934
24931
24930
24928
24924
24918
24918
24917
24917
24912
24912
24909
24906
24904
24902
24898
24896
24895
24895
24890
24878
24877
24877
24873
24873
24872
24871
24871
24863
24858
24849
24846
24846
24839
24829
24828
24825
24825
24818
24808
24806
24806
24804
24803
24792
24792
24788
24786
24782
24770
24769
24766
24762
24754
24752
24732
24730
24730
24728
24722
24721
24721
24718
24716
24712
24709
24706
24698
24696
24692
24691
24689
24688
24688
24685
24683
24677
24672
24671
24671
24670
24667
24666
24662
24662
24661
24658
24657
24650
24643
24643
24640
24640
24638
24636
24635
24631
24630
24628
24628
24627
24623
24620
24619
24619
24611
24610
24608
24607
24604
24602
24602
24597
24588
24582
24581
24579
24577
24574
24560
24558
24555
24555
24554
24549
24544
24544
24540
24537
24536
24533
24527
24525
24524
24516
24513
24512
24506
24504
24499
24499
24498
24491
24484
24482
24474
24464
24459
24459
24451
24450
24447
24433
24428
24421
24417
24417
24414
24410
24408
24405
24401
24396
24390
24384
24382
24382
24380
24379
24379
24375
24374
24373
24372
24367
24367
24365
24364
24357
24355
24347
24346
24346
24346
24344
24343
24342
24342
24340
24337
24333
24330
24330
24326
24322
24321
24319
24318
24317
24310
24309
24306
24305
24301
24296
24293
24287
24280
24275
24270
24269
24269
24257
24251
24251
24249
24247
24245
24243
24240
24240
24239
24231
24219
24216
24214
24213
24212
24207
24204
24202
24189
24189
24186
24170
24167
24164
24155
24149
24148
24148
24146
24144
24142
24142
24137
24135
24134
24133
24128
24127
24126
24124
24119
24118
24116
24116
24112
24109
24108
24104
24104
24098
24098
24097
24095
24093
24093
24092
24089
24085
24084
24082
24073
24070
24068
24065
24063
24055
24053
24052
24048
24047
24046
24040
24038
24031
24021
24016
24014
24011
24011
24004
23995
23995
23994
23990
23982
23982
23979
23979
23975
23974
23971
23971
23970
23967
23962
23951
23938
23937
23937
23936
23936
23931
23929
23928
23927
23926
23921
23915
23912
23912
23911
23910
23902
23900
23899
23899
23898
23895
23895
23884
23881
23881
23877
23874
23872
23870
23868
23864
23855
23854
23852
23851
23848
23846
23844
23839
23837
23834
23834
23831
23825
23820
23818
23818
23816
23815
23815
23801
23801
23798
23791
23789
23784
23782
23778
23773
23771
23770
23761
23752
23750
23750
23741
23739
23736
23735
23735
23734
23726
23721
23714
23707
23705
23704
23703
23703
23696
23690
23689
23688
23683
23681
23678
23677
23676
23656
23643
23641
23633
23628
23624
23616
23613
23611
23611
23610
23604
23603
23597
23596
23584
23580
23579
23576
23575
23571
23571
23565
23562
23562
23557
23555
23554
23542
23542
23541
23533
23528
23518
23518
23504
23496
23491
23491
23485
23482
23465
23461
23460
23457
23453
23450
23440
23439
23436
23435
23432
23431
23425
23424
23424
23423
23409
23407
23406
23401
23394
23394
23386
23382
23381
23378
23373
23369
23369
23368
23368
23365
23365
23364
23360
23358
23356
23355
23352
23352
23349
23347
23346
23338
23336
23336
23335
23332
23327
23315
23306
23303
23303
23303
23298
23294
23293
23291
23288
23286
23285
23284
23283
23281
23276
23273
23268
23267
23264
23260
23256
23255
23249
23248
23246
23244
23244
23232
23228
23225
23224
23210
23208
23204
23204
23203
23190
23181
23181
23181
23177
23163
23158
23153
23152
23152
23148
23148
23142
23139
23132
23131
23131
23127
23125
23123
23110
23109
23100
23098
23096
23095
23088
23086
23076
23071
23067
23062
23061
23060
23058
23051
23045
23040
23019
23019
23014
23007
23005
23004
23004
22992
22990
22990
22982
22977
22973
22967
22965
22964
22963
22951
22950
22945
22942
22935
22931
22927
22925
22925
22922
22922
22921
22921
22912
22908
22906
22904
22903
22901
22900
22891
22890
22875
22871
22863
22855
22854
22851
22850
22850
22847
22842
22832
22821
22820
22816
22795
22791
22789
22787
22779
22778
22777
22776
22774
22771
22770
22766
22762
22762
22759
22756
22756
22754
22747
22738
22737
22734
22724
22723
22722
22722
22715
22713
22709
22698
22697
22693
22689
22683
22682
22681
22681
22675
22674
22667
22656
22655
22654
22652
22649
22647
22642
22632
22632
22626
22616
22615
22615
22614
22611
22610
22609
22609
22605
22605
22602
22600
22598
22597
22595
22594
22588
22587
22586
22581
22580
22577
22574
22574
22571
22570
22567
22567
22565
22561
22558
22557
22557
22547
22543
22539
22536
22536
22535
22533
22533
22533
22531
22524
22524
22521
22511
22504
22499
22487
22485
22482
22478
22475
22473
22471
22468
22466
22465
22465
22464
22463
22462
22456
22455
22455
22452
22449
22445
22441
22439
22437
22436
22434
22428
22425
22425
22423
22418
22417
22416
22414
22413
22404
22401
22398
22395
22389
22386
22380
22377
22375
22374
22372
22371
22370
22367
22366
22356
22349
22343
22341
22333
22333
22328
22324
22324
22322
22320
22315
22313
22312
22311
22310
22308
22306
22306
22303
22296
22296
22292
22286
22284
22282
22278
22277
22272
22253
22236
22230
22223
22221
22217
22210
22209
22209
22205
22204
22184
22178
22174
22173
22169
22166
22164
22164
22163
22162
22159
22154
22144
22142
22141
22139
22135
22135
22134
22134
22131
22128
22125
22123
22110
22104
22096
22096
22092
22090
22087
22085
22085
22084
22083
22071
22070
22069
22069
22066
22062
22053
22046
22043
22042
22040
22038
22037
22034
22031
22031
22029
22028
22026
22023
22020
22016
22012
22009
22003
22000
21998
21997
21997
21996
21994
21990
21986
21984
21979
21977
21973
21972
21959
21951
21947
21945
21942
21933
21932
21931
21925
21924
21923
21922
21917
21914
21911
21910
21907
21905
21901
21900
21897
21896
21888
21877
21875
21870
21869
21867
21865
21860
21857
21857
21856
21855
21852
21845
21841
21838
21834
21825
21809
21808
21808
21803
21803
21803
21802
21797
21796
21793
21790
21789
21788
21787
21783
21778
21776
21770
21762
21761
21754
21754
21751
21750
21750
21747
21745
21743
21743
21741
21738
21737
21737
21736
21723
21721
21720
21717
21714
21713
21712
21705
21702
21702
21701
21699
21699
21694
21692
21687
21686
21686
21686
21685
21683
21674
21672
21661
21661
21658
21656
21653
21652
21650
21650
21649
21646
21645
21645
21641
21640
21637
21636
21635
21631
21630
21626
21625
21622
21621
21607
21601
21598
21591
21590
21586
21580
21580
21577
21577
21576
21570
21568
21567
21565
21555
21550
21548
21548
21547
21538
21534
21532
21527
21524
21523
21516
21510
21509
21509
21509
21505
21503
21500
21491
21485
21476
21469
21468
21468
21467
21467
21467
21463
21463
21456
21454
21453
21449
21444
21436
21433
21425
21419
21412
21411
21411
21410
21409
21405
21405
21397
21395
21393
21388
21380
21372
21371
21370
21368
21361
21357
21357
21355
21351
21351
21343
21337
21335
21334
21327
21322
21321
21315
21312
21307
21303
21299
21299
21297
21296
21288
21287
21286
21284
21283
21283
21281
21278
21277
21273
21269
21266
21263
21257
21257
21255
21254
21254
21253
21250
21249
21249
21247
21246
21244
21244
21243
21241
21240
21238
21229
21227
21225
21218
21206
21199
21196
21194
21190
21189
21188
21188
21186
21179
21178
21178
21176
21171
21169
21169
21168
21166
21164
21160
21153
21151
21144
21129
21128
21120
21119
21114
21113
21112
21110
21109
21109
21109
21107
21107
21104
21102
21100
21093
21086
21084
21084
21079
21073
21069
21068
21067
21066
21062
21059
21055
21053
21050
21048
21046
21041
21037
21032
21031
21027
21027
21015
21014
21014
21014
21011
21010
21001
21000
20998
20993
20985
20982
20971
20969
20961
20959
20955
20954
20953
20951
20948
20945
20944
20943
20940
20940
20939
20933
20931
20929
20927
20926
20926
20925
20919
20913
20913
20905
20898
20898
20896
20895
20887
20878
20876
20875
20874
20873
20868
20868
20864
20863
20857
20850
20847
20840
20839
20839
20835
20835
20832
20828
20827
20826
20824
20820
20818
20808
20806
20802
20801
20801
20793
20792
20781
20780
20776
20771
20770
20765
20762
20759
20758
20756
20754
20748
20747
20746
20745
20744
20743
20738
20733
20731
20728
20727
20708
20708
20707
20704
20699
20697
20696
20695
20694
20694
20692
20685
20665
20664
20658
20651
20651
20651
20647
20645
20644
20644
20638
20632
20631
20626
20620
20617
20615
20614
20612
20609
20599
20596
20596
20594
20594
20590
20589
20589
20587
20586
20576
20575
20565
20564
20562
20561
20558
20558
20556
20551
20549
20543
20541
20538
20537
20536
20535
20531
20530
20525
20519
20519
20513
20508
20506
20500
20498
20493
20490
20487
20480
20466
20458
20457
20452
20450
20449
20441
20428
20428
20424
20422
20422
20417
20416
20415
20410
20410
20396
20393
20387
20380
20377
20374
20372
20367
20366
20363
20361
20357
20357
20355
20354
20349
20347
20342
20340
20340
20338
20336
20336
20333
20331
20327
20327
20326
20320
20319
20318
20315
20314
20313
20307
20305
20301
20298
20296
20293
20293
20284
20280
20277
20276
20275
20274
20274
20271
20269
20266
20256
20254
20253
20250
20249
20249
20244
20242
20241
20239
20236
20233
20230
20228
20228
20227
20226
20226
20218
20214
20214
20204
20202
20201
20201
20197
20193
20180
20180
20176
20175
20174
20173
20173
20171
20155
20152
20151
20151
20149
20142
20142
20141
20135
20133
20132
20125
20124
20123
20117
20115
20114
20097
20094
20093
20088
20088
20081
20071
20057
20057
20053
20045
20044
20035
20028
20027
20027
20024
20021
20018
20014
20011
20003
20000
19993
19986
19981
19974
19974
19971
19971
19967
19966
19961
19956
19953
19952
19949
19941
19935
19934
19932
19929
19922
19921
19920
19914
19912
19901
19899
19898
19897
19891
19891
19891
19885
19884
19872
19869
19863
19863
19858
19857
19856
19850
19849
19847
19838
19837
19834
19831
19831
19828
19826
19818
19813
19813
19809
19809
19803
19801
19800
19799
19798
19797
19794
19794
19793
19791
19790
19785
19784
19780
19773
19769
19768
19766
19763
19762
19762
19761
19759
19758
19757
19756
19754
19750
19749
19746
19740
19738
19737
19736
19735
19729
19718
19706
19704
19704
19703
19702
19696
19695
19694
19692
19685
19681
19681
19676
19676
19676
19675
19666
19660
19653
19646
19645
19644
19641
19635
19635
19628
19627
19627
19626
19619
19619
19618
19616
19610
19610
19606
19602
19602
19593
19589
19588
19587
19586
19586
19585
19584
19568
19560
19559
19559
19554
19551
19551
19549
19548
19543
19529
19522
19519
19512
19511
19509
19507
19504
19504
19504
19497
19496
19487
19487
19485
19480
19477
19475
19466
19463
19462
19457
19455
19455
19454
19450
19449
19445
19439
19439
19436
19428
19426
19418
19415
19415
19406
19394
19390
19386
19382
19379
19373
19373
19368
19363
19360
19350
19349
19347
19346
19346
19345
19343
19339
19338
19338
19337
19327
19326
19323
19318
19315
19311
19310
19310
19305
19305
19299
19293
19291
19290
19290
19287
19281
19281
19277
19277
19274
19271
19267
19264
19259
19256
19254
19252
19250
19248
19245
19244
19244
19243
19240
19234
19232
19226
19224
19219
19216
19215
19202
19190
19187
19177
19175
19171
19170
19162
19162
19161
19159
19159
19155
19144
19134
19129
19127
19127
19123
19123
19117
19116
19114
19112
19112
19108
19101
19097
19094
19094
19092
19091
19089
19088
19085
19085
19083
19083
19083
19082
19081
19077
19071
19067
19054
19047
19047
19044
19042
19039
19039
19037
19034
19031
19027
19021
19019
19019
19016
19016
19012
19012
19009
19007
19007
19004
19004
19002
18997
18997
18996
18995
18994
18987
18987
18985
18983
18982
18981
18979
18978
18969
18966
18959
18957
18950
18950
18945
18941
18939
18934
18932
18930
18925
18918
18914
18913
18909
18905
18903
18902
18893
18890
18889
18886
18882
18880
18877
18875
18874
18870
18868
18867
18853
18850
18849
18848
18845
18845
18838
18837
18837
18836
18834
18833
18829
18824
18823
18815
18815
18811
18809
18806
18801
18795
18793
18793
18789
18785
18783
18783
18781
18781
18780
18778
18773
18770
18770
18769
18769
18768
18759
18751
18751
18748
18742
18735
18731
18721
18713
18712
18711
18710
18709
18707
18703
18698
18697
18695
18688
18685
18683
18682
18679
18677
18675
18671
18671
18670
18669
18664
18662
18661
18661
18660
18648
18638
18637
18633
18631
18628
18627
18626
18623
18621
18620
18618
18616
18615
18614
18607
18605
18599
18599
18593
18591
18583
18582
18570
18565
18541
18531
18526
18521
18519
18517
18512
18502
18501
18498
18491
18490
18482
18481
18479
18478
18471
18468
18467
18465
18462
18462
18446
18446
18445
18445
18444
18442
18434
18423
18421
18414
18412
18410
18408
18404
18402
18401
18398
18395
18395
18389
18387
18387
18385
18384
18371
18371
18368
18360
18352
18350
18344
18344
18342
18338
18337
18337
18332
18329
18322
18319
18319
18319
18317
18313
18301
18301
18298
18298
18287
18282
18278
18275
18274
18270
18268
18262
18246
18246
18244
18240
18240
18240
18231
18229
18227
18224
18216
18214
18212
18212
18210
18203
18196
18189
18182
18182
18179
18163
18152
18151
18151
18147
18146
18144
18141
18135
18132
18130
18124
18117
18117
18113
18109
18108
18106
18102
18099
18099
18097
18097
18093
18093
18092
18084
18083
18081
18077
18076
18075
18068
18065
18061
18060
18055
18052
18047
18036
18036
18032
18021
18021
18021
18019
18017
18013
18011
18010
18004
18003
17996
17993
17993
17992
17988
17987
17985
17982
17971
17968
17967
17966
17963
17961
17950
17949
17947
17938
17937
17936
17935
17932
17930
17929
17926
17921
17916
17910
17909
17909
17907
17904
17898
17896
17894
17894
17892
17888
17886
17886
17885
17877
17877
17876
17875
17872
17869
17869
17865
17859
17857
17853
17852
17850
17850
17845
17844
17843
17841
17838
17824
17818
17813
17811
17809
17801
17799
17795
17794
17791
17782
17776
17773
17767
17759
17759
17757
17756
17755
17753
17750
17747
17747
17741
17738
17737
17730
17722
17718
17713
17711
17711
17706
17705
17699
17695
17693
17689
17688
17683
17683
17681
17675
17673
17672
17657
17653
17652
17651
17649
17649
17648
17648
17644
17643
17642
17641
17634
17631
17626
17626
17621
17614
17614
17611
17608
17608
17600
17597
17596
17596
17589
17589
17583
17582
17578
17576
17574
17572
17567
17566
17564
17563
17562
17561
17560
17556
17553
17553
17552
17551
17547
17541
17538
17529
17527
17526
17525
17518
17516
17514
17512
17506
17504
17501
17499
17494
17489
17483
17482
17476
17476
17474
17474
17463
17457
17456
17455
17449
17446
17442
17442
17439
17438
17434
17430
17427
17426
17422
17421
17421
17417
17408
17402
17402
17401
17399
17394
17391
17380
17378
17369
17367
17365
17365
17355
17350
17349
17347
17346
17341
17338
17338
17336
17333
17333
17320
17318
17312
17310
17301
17295
17290
17287
17285
17281
17279
17276
17271
17271
17268
17268
17267
17267
17267
17266
17261
17261
17260
17259
17257
17257
17254
17252
17250
17249
17248
17246
17245
17244
17242
17240
17240
17237
17228
17206
17205
17205
17198
17193
17187
17187
17184
17179
17178
17174
17170
17170
17167
17156
17145
17145
17144
17143
17142
17141
17140
17135
17123
17121
17121
17117
17117
17101
17098
17092
17089
17088
17083
17079
17074
17073
17066
17065
17063
17062
17061
17058
17055
17051
17049
17049
17046
17045
17044
17035
17033
17031
17031
17029
17027
17024
17016
17015
17011
17010
17008
17005
17004
17004
17001
16993
16992
16986
16979
16976
16964
16964
16963
16959
16954
16953
16949
16948
16946
16935
16930
16927
16925
16923
16919
16919
16918
16917
16912
16908
16907
16905
16900
16896
16895
16888
16888
16884
16877
16873
16867
16862
16855
16854
16851
16851
16847
16845
16844
16841
16838
16829
16826
16824
16816
16813
16812
16805
16789
16787
16784
16783
16781
16770
16769
16758
16758
16757
16756
16754
16753
16749
16744
16744
16743
16733
16733
16731
16722
16722
16711
16708
16702
16701
16699
16698
16692
16690
16684
16680
16678
16670
16669
16666
16661
16659
16657
16656
16656
16653
16651
16643
16642
16641
16641
16637
16637
16630
16627
16614
16612
16611
16606
16603
16586
16586
16583
16581
16581
16581
16577
16575
16564
16564
16562
16562
16559
16556
16552
16548
16545
16543
16543
16541
16540
16538
16534
16532
16527
16522
16522
16519
16518
16517
16514
16514
16510
16509
16504
16502
16498
16491
16484
16478
16476
16475
16473
16472
16469
16466
16460
16458
16458
16457
16457
16456
16455
16454
16448
16441
16433
16432
16431
16425
16425
16423
16418
16417
16409
16403
16396
16384
16384
16380
16377
16373
16371
16370
16369
16361
16354
16353
16349
16348
16346
16342
16340
16340
16335
16329
16328
16327
16327
16311
16309
16307
16306
16306
16305
16305
16304
16294
16293
16292
16292
16290
16285
16282
16278
16278
16276
16270
16267
16260
16258
16250
16248
16247
16246
16240
16239
16236
16232
16229
16227
16224
16222
16221
16214
16214
16213
16210
16208
16205
16205
16201
16201
16198
16192
16187
16186
16183
16182
16179
16175
16166
16166
16165
16163
16160
16157
16156
16140
16137
16136
16134
16133
16121
16118
16117
16116
16104
16103
16094
16094
16089
16086
16081
16081
16066
16060
16060
16059
16057
16052
16051
16049
16039
16038
16033
16026
16021
16020
16020
16018
16018
16010
16004
15999
15995
15995
15993
15991
15986
15984
15978
15978
15976
15975
15970
15968
15964
15951
15945
15938
15937
15930
15929
15926
15922
15907
15905
15903
15901
15896
15894
15894
15888
15885
15883
15880
15876
15873
15867
15866
15863
15863
15862
15858
15853
15850
15850
15845
15845
15842
15836
15836
15818
15817
15808
15808
15806
15797
15793
15792
15790
15790
15778
15770
15768
15765
15765
15764
15761
15760
15760
15758
15756
15755
15754
15745
15740
15739
15736
15735
15734
15731
15728
15728
15726
15720
15717
15714
15714
15702
15699
15695
15692
15692
15688
15678
15677
15676
15673
15666
15659
15657
15656
15655
15654
15651
15650
15649
15646
15646
15645
15643
15641
15640
15628
15620
15617
15616
15615
15611
15610
15603
15598
15593
15584
15581
15580
15570
15565
15565
15560
15559
15559
15556
15553
15549
15549
15545
15545
15543
15541
15534
15531
15528
15526
15525
15516
15516
15514
15502
15497
15490
15483
15481
15477
15470
15465
15462
15462
15459
15458
15458
15456
15452
15449
15443
15433
15430
15429
15429
15427
15426
15422
15421
15415
15413
15413
15403
15400
15388
15388
15381
15371
15371
15368
15367
15358
15357
15350
15350
15350
15347
15345
15342
15337
15335
15333
15333
15329
15328
15325
15324
15322
15321
15319
15315
15311
15308
15308
15308
15302
15299
15298
15293
15292
15291
15291
15290
15289
15287
15278
15276
15269
15268
15267
15267
15265
15263
15261
15261
15254
15253
15253
15252
15252
15251
15250
15250
15250
15248
15247
15244
15244
15230
15218
15217
15216
15213
15212
15204
15202
15202
15202
15198
15194
15189
15185
15172
15168
15161
15161
15159
15157
15156
15154
15150
15149
15145
15143
15129
15128
15125
15123
15115
15111
15105
15105
15104
15103
15100
15098
15098
15096
15094
15093
15093
15091
15083
15082
15082
15079
15073
15069
15062
15060
15055
15054
15046
15042
15040
15039
15034
15034
15031
15027
15027
15024
15018
15016
15010
15008
14993
14983
14982
14975
14975
14972
14971
14966
14956
14948
14947
14947
14945
14944
14943
14941
14941
14935
14934
14931
14927
14919
14918
14913
14912
14907
14905
14898
14895
14892
14892
14890
14887
14884
14884
14877
14863
14862
14857
14857
14856
14856
14854
14851
14849
14845
14842
14841
14839
14838
14831
14830
14829
14815
14813
14810
14810
14806
14805
14801
14799
14797
14797
14796
14795
14791
14784
14781
14778
14777
14775
14770
14756
14753
14753
14751
14748
14748
14748
14744
14743
14733
14730
14729
14725
14724
14722
14715
14712
14702
14695
14690
14689
14683
14682
14680
14678
14673
14671
14667
14665
14663
14663
14657
14656
14648
14647
14646
14642
14641
14640
14636
14628
14628
14626
14623
14622
14621
14610
14599
14584
14583
14580
14577
14569
14566
14562
14555
14542
14538
14534
14532
14532
14527
14527
14526
14526
14523
14520
14517
14514
14512
14506
14503
14502
14501
14501
14501
14496
14485
14471
14463
14452
14450
14449
14448
14439
14437
14436
14435
14432
14431
14425
14425
14423
14422
14419
14418
14417
14416
14415
14412
14409
14407
14406
14404
14401
14400
14398
14395
14392
14389
14388
14381
14376
14373
14371
14370
14370
14365
14362
14353
14348
14342
14339
14339
14337
14328
14327
14326
14325
14317
14317
14315
14307
14300
14294
14292
14289
14289
14284
14282
14268
14265
14262
14262
14259
14257
14251
14250
14247
14246
14240
14234
14234
14230
14229
14225
14220
14214
14213
14205
14201
14199
14196
14193
14192
14191
14189
14188
14186
14185
14185
14181
14180
14176
14171
14171
14160
14156
14156
14154
14151
14148
14140
14130
14127
14126
14121
14115
14113
14111
14109
14107
14107
14102
14101
14101
14100
14099
14089
14086
14081
14080
14074
14071
14071
14066
14066
14064
14057
14052
14041
14039
14039
14034
14031
14028
14023
14023
14015
14015
14015
14012
14008
13998
13997
13992
13989
13985
13983
13981
13978
13976
13975
13973
13968
13968
13966
13966
13962
13952
13950
13942
13941
13939
13938
13937
13929
13929
13924
13924
13923
13922
13922
13917
13913
13912
13912
13906
13902
13902
13900
13897
13894
13888
13884
13881
13880
13879
13879
13876
13871
13864
13862
13861
13854
13842
13842
13840
13837
13836
13836
13827
13826
13824
13824
13824
13822
13817
13815
13805
13805
13803
13789
13782
13781
13780
13779
13779
13777
13774
13772
13770
13767
13759
13748
13747
13745
13743
13742
13741
13741
13727
13724
13722
13721
13715
13703
13702
13700
13697
13692
13689
13688
13685
13684
13683
13677
13674
13668
13662
13662
13657
13649
13648
13637
13637
13631
13630
13630
13629
13628
13624
13619
13614
13612
13609
13600
13599
13589
13585
13582
13578
13572
13567
13558
13557
13555
13555
13549
13547
13544
13536
13534
13532
13529
13522
13517
13514
13512
13510
13507
13498
13492
13491
13486
13484
13483
13482
13481
13475
13469
13469
13468
13467
13463
13461
13458
13449
13448
13447
13446
13444
13443
13441
13439
13438
13435
13419
13415
13410
13410
13408
13406
13406
13406
13392
13391
13387
13387
13384
13372
13368
13365
13365
13361
13360
13359
13347
13345
13344
13339
13338
13327
13327
13326
13325
13322
13320
13313
13299
13298
13293
13291
13290
13288
13274
13270
13263
13262
13261
13261
13257
13255
13254
13253
13244
13240
13238
13237
13236
13234
13234
13232
13232
13228
13217
13215
13211
13210
13209
13208
13208
13204
13200
13199
13199
13199
13195
13193
13190
13190
13187
13180
13179
13178
13174
13169
13168
13167
13166
13165
13160
13151
13149
13147
13145
13139
13138
13138
13135
13133
13133
13133
13131
13127
13127
13126
13124
13123
13121
13117
13108
13102
13101
13098
13096
13089
13088
13088
13087
13085
13082
13080
13080
13079
13078
13077
13076
13070
13066
13063
13063
13061
13055
13053
13052
13052
13043
13041
13040
13033
13032
13032
13030
13029
13028
13026
13025
13025
13021
13021
13019
13015
13004
13001
13000
12997
12997
12989
12986
12980
12979
12960
12957
12954
12950
12948
12948
12946
12943
12943
12942
12940
12939
12938
12933
12927
12913
12912
12910
12909
12902
12900
12894
12887
12884
12882
12878
12878
12878
12876
12872
12870
12868
12866
12859
12849
12845
12842
12841
12836
12835
12833
12832
12831
12831
12824
12818
12814
12806
12805
12804
12803
12802
12801
12785
12783
12782
12780
12778
12777
12773
12772
12771
12767
12766
12761
12759
12759
12751
12747
12747
12739
12736
12732
12729
12724
12723
12713
12704
12687
12681
12678
12674
12673
12671
12663
12657
12645
12637
12635
12631
12629
12624
12615
12613
12613
12612
12602
12599
12594
12592
12592
12587
12582
12575
12563
12563
12561
12560
12560
12557
12556
12553
12553
12540
12537
12536
12533
12532
12525
12524
12517
12500
12500
12500
12500
12498
12495
12495
12493
12492
12484
12474
12472
12471
12471
12469
12467
12466
12463
12462
12462
12461
12460
12458
12452
12451
12446
12431
12430
12430
12429
12425
12425
12416
12414
12408
12396
12394
12390
12390
12388
12388
12373
12369
12368
12365
12357
12356
12356
12355
12349
12348
12345
12337
12334
12330
12321
12320
12319
12317
12315
12313
12309
12309
12308
12304
12301
12288
12281
12276
12274
12273
12273
12272
12270
12268
12266
12265
12260
12260
12257
12257
12248
12247
12246
12243
12238
12238
12237
12233
12225
12220
12218
12213
12213
12212
12210
12209
12209
12208
12206
12203
12201
12190
12189
12188
12186
12183
12182
12182
12179
12178
12166
12166
12162
12155
12143
12143
12143
12140
12133
12131
12125
12122
12119
12117
12114
12114
12109
12105
12103
12100
12100
12089
12088
12087
12085
12079
12077
12077
12072
12071
12068
12063
12057
12056
12054
12052
12051
12051
12045
12043
12041
12036
12034
12030
12029
12028
12024
12018
12017
12015
12014
12012
12012
12005
11997
11995
11989
11987
11987
11981
11976
11975
11971
11970
11966
11964
11959
11958
11957
11956
11956
11952
11950
11947
11947
11946
11944
11943
11942
11942
11940
11935
11932
11929
11926
11926
11922
11921
11916
11912
11912
11911
11909
11905
11902
11901
11897
11896
11888
11882
11878
11872
11871
11870
11855
11852
11838
11837
11832
11821
11815
11813
11809
11806
11805
11804
11804
11803
11801
11797
11795
11794
11788
11785
11782
11781
11757
11756
11752
11752
11743
11741
11726
11726
11720
11716
11714
11714
11713
11713
11706
11702
11701
11689
11684
11682
11681
11679
11677
11677
11676
11676
11676
11674
11666
11657
11652
11651
11648
11644
11644
11643
11638
11636
11635
11635
11634
11632
11626
11626
11625
11619
11618
11616
11615
11615
11613
11611
11606
11605
11598
11598
11594
11592
11592
11591
11588
11582
11580
11564
11563
11559
11559
11557
11555
11554
11551
11549
11544
11543
11541
11541
11540
11540
11539
11534
11531
11525
11521
11521
11519
11516
11516
11512
11506
11505
11505
11500
11499
11495
11494
11493
11493
11492
11490
11485
11485
11484
11482
11480
11476
11476
11473
11469
11465
11462
11458
11456
11451
11450
11446
11442
11441
11433
11431
11430
11428
11423
11417
11414
11404
11402
11398
11396
11391
11386
11380
11379
11379
11379
11371
11370
11360
11359
11357
11355
11355
11343
11343
11343
11340
11339
11336
11328
11326
11323
11321
11314
11307
11303
11301
11301
11299
11299
11295
11291
11286
11270
11262
11252
11248
11244
11244
11242
11230
11227
11219
11215
11215
11210
11210
11207
11205
11201
11193
11189
11169
11163
11162
11160
11157
11154
11152
11146
11145
11142
11141
11138
11135
11133
11127
11127
11126
11126
11124
11123
11121
11120
11119
11113
11111
11110
11110
11108
11107
11106
11102
11094
11092
11089
11085
11081
11066
11061
11045
11039
11038
11035
11031
11023
11020
11019
11015
11012
11008
11006
11005
10999
10998
10996
10989
10989
10987
10984
10984
10983
10983
10983
10981
10979
10977
10973
10971
10970
10964
10964
10958
10957
10952
10947
10923
10919
10914
10913
10911
10898
10891
10887
10886
10885
10884
10883
10881
10881
10875
10872
10872
10868
10860
10856
10855
10855
10844
10835
10834
10832
10829
10827
10826
10822
10821
10821
10819
10817
10816
10815
10811
10809
10805
10791
10787
10783
10781
10778
10777
10777
10775
10770
10770
10767
10764
10764
10762
10758
10757
10751
10750
10749
10746
10743
10741
10741
10741
10739
10738
10736
10716
10714
10714
10712
10711
10709
10700
10695
10689
10688
10687
10684
10681
10678
10674
10672
10669
10669
10660
10658
10656
10652
10650
10648
10648
10648
10645
10640
10638
10621
10611
10604
10604
10603
10591
10584
10584
10582
10576
10569
10564
10564
10561
10561
10556
10552
10547
10538
10538
10536
10523
10522
10522
10518
10503
10498
10497
10496
10495
10492
10490
10487
10485
10483
10481
10480
10480
10476
10474
10470
10466
10464
10461
10459
10442
10440
10437
10433
10431
10426
10420
10417
10412
10412
10411
10410
10407
10401
10401
10396
10391
10385
10385
10382
10380
10372
10366
10352
10348
10348
10331
10325
10325
10324
10318
10314
10312
10312
10307
10304
10291
10288
10288
10287
10287
10281
10278
10275
10266
10264
10256
10254
10253
10249
10248
10247
10244
10241
10238
10238
10236
10232
10231
10230
10230
10224
10221
10221
10220
10218
10217
10208
10207
10195
10193
10193
10184
10168
10158
10156
10154
10153
10150
10145
10143
10142
10134
10134
10126
10125
10121
10118
10117
10116
10116
10114
10111
10111
10111
10107
10107
10106
10104
10103
10097
10094
10092
10087
10085
10084
10084
10082
10078
10077
10074
10068
10067
10067
10066
10062
10062
10062
10056
10046
10046
10044
10042
10038
10035
10035
10031
10028
10023
10023
10021
10020
10019
10017
10010
10007
10000
10000
9992
9992
9990
9988
9984
9983
9974
9973
9972
9971
9959
9956
9955
9953
9952
9945
9945
9944
9944
9943
9936
9933
9932
9923
9923
9921
9920
9915
9914
9912
9911
9908
9904
9904
9901
9899
9899
9898
9896
9895
9883
9883
9874
9873
9873
9873
9869
9868
9861
9860
9855
9852
9849
9846
9845
9842
9839
9835
9831
9829
9828
9825
9825
9824
9821
9819
9816
9815
9812
9811
9810
9810
9798
9798
9798
9793
9786
9784
9782
9773
9765
9756
9754
9753
9751
9737
9736
9733
9731
9721
9720
9715
9710
9706
9704
9698
9695
9693
9692
9690
9685
9681
9680
9680
9679
9678
9678
9670
9667
9661
9661
9653
9652
9647
9641
9640
9627
9625
9622
9621
9620
9617
9615
9613
9612
9608
9603
9600
9594
9593
9590
9582
9579
9577
9570
9567
9566
9557
9551
9551
9543
9542
9541
9540
9533
9533
9531
9531
9524
9523
9520
9505
9499
9498
9487
9486
9484
9483
9481
9476
9472
9470
9468
9467
9465
9461
9458
9455
9452
9442
9441
9441
9438
9438
9423
9423
9414
9409
9407
9406
9405
9401
9394
9390
9388
9384
9383
9382
9380
9378
9370
9368
9366
9359
9351
9348
9340
9338
9333
9323
9317
9316
9308
9304
9301
9293
9292
9291
9289
9281
9277
9272
9272
9271
9255
9255
9253
9245
9244
9240
9240
9236
9232
9227
9226
9222
9217
9216
9215
9208
9204
9202
9198
9190
9189
9189
9186
9186
9185
9179
9177
9170
9160
9158
9152
9148
9147
9137
9136
9127
9127
9117
9115
9113
9108
9104
9102
9101
9098
9098
9095
9094
9081
9072
9072
9070
9065
9059
9059
9050
9048
9047
9041
9038
9035
9034
9032
9030
9027
9014
9009
9001
9001
9000
8999
8997
8987
8981
8978
8974
8973
8971
8968
8967
8963
8963
8959
8955
8947
8936
8933
8923
8920
8915
8911
8908
8908
8903
8899
8891
8890
8885
8883
8882
8870
8867
8861
8861
8860
8843
8841
8837
8836
8831
8828
8825
8818
8815
8805
8800
8800
8798
8798
8797
8796
8788
8781
8781
8780
8779
8766
8765
8763
8762
8756
8749
8747
8743
8739
8728
8726
8724
8720
8713
8708
8704
8702
8691
8689
8685
8684
8681
8680
8679
8678
8678
8675
8670
8669
8667
8662
8660
8656
8654
8650
8650
8650
8648
8648
8647
8646
8641
8640
8627
8623
8621
8620
8620
8619
8618
8616
8612
8608
8608
8607
8606
8605
8604
8601
8601
8598
8598
8589
8589
8587
8585
8583
8580
8573
8573
8568
8562
8558
8557
8556
8555
8552
8552
8548
8543
8542
8540
8534
8533
8527
8526
8518
8516
8511
8511
8506
8505
8498
8496
8490
8487
8483
8479
8477
8475
8471
8470
8469
8469
8468
8459
8458
8454
8454
8451
8448
8443
8433
8429
8420
8414
8411
8407
8400
8394
8393
8393
8393
8388
8388
8386
8384
8381
8379
8379
8378
8374
8369
8367
8365
8361
8360
8359
8353
8348
8348
8345
8341
8340
8340
8329
8327
8327
8325
8325
8324
8318
8313
8312
8307
8306
8302
8293
8292
8290
8289
8289
8284
8284
8281
8273
8271
8267
8264
8262
8260
8259
8256
8253
8251
8247
8244
8244
8243
8242
8241
8241
8236
8235
8232
8229
8218
8214
8210
8206
8206
8202
8200
8194
8189
8186
8186
8179
8171
8170
8165
8162
8159
8158
8158
8157
8157
8156
8151
8150
8149
8148
8142
8139
8138
8131
8125
8123
8121
8112
8111
8108
8107
8107
8105
8099
8098
8098
8098
8097
8097
8085
8081
8077
8072
8071
8061
8061
8055
8046
8044
8035
8031
8030
8028
8026
8026
8024
8024
8020
8018
8016
8014
8014
8013
7997
7997
7994
7994
7989
7988
7985
7982
7978
7977
7977
7975
7969
7968
7964
7962
7962
7960
7954
7953
7937
7936
7929
7919
7916
7915
7907
7903
7900
7899
7899
7896
7887
7883
7877
7872
7868
7868
7866
7855
7851
7850
7846
7845
7840
7832
7830
7821
7820
7819
7816
7815
7807
7806
7805
7805
7804
7798
7794
7791
7786
7772
7768
7763
7760
7755
7749
7744
7738
7734
7732
7732
7729
7726
7724
7716
7713
7713
7705
7703
7702
7701
7695
7692
7690
7689
7687
7687
7686
7686
7683
7681
7666
7664
7663
7662
7661
7657
7655
7653
7652
7643
7643
7642
7640
7640
7639
7632
7621
7616
7613
7611
7611
7601
7601
7601
7601
7597
7594
7592
7592
7589
7586
7579
7572
7572
7571
7570
7569
7565
7563
7558
7555
7545
7544
7543
7542
7541
7529
7528
7528
7521
7519
7517
7507
7507
7499
7499
7489
7488
7485
7485
7482
7477
7476
7470
7466
7465
7461
7459
7459
7456
7454
7453
7452
7450
7450
7449
7445
7442
7440
7440
7440
7439
7435
7432
7428
7427
7424
7424
7421
7417
7414
7413
7413
7413
7411
7410
7402
7400
7398
7396
7393
7390
7390
7389
7389
7387
7381
7378
7370
7367
7362
7361
7359
7356
7337
7336
7327
7322
7322
7318
7316
7315
7315
7310
7308
7307
7303
7300
7294
7294
7293
7287
7285
7284
7284
7284
7281
7281
7278
7277
7276
7273
7272
7261
7258
7255
7254
7250
7250
7244
7237
7235
7233
7230
7230
7229
7228
7222
7218
7217
7216
7209
7206
7201
7197
7194
7191
7189
7186
7184
7181
7173
7169
7168
7165
7163
7160
7155
7155
7154
7149
7148
7147
7147
7144
7138
7133
7132
7131
7131
7129
7129
7108
7107
7099
7098
7098
7093
7091
7089
7086
7080
7075
7070
7066
7066
7064
7062
7057
7056
7056
7051
7048
7046
7042
7041
7039
7039
7037
7033
7031
7030
7028
7025
7025
7023
7022
7021
7021
7020
7018
7014
7009
7009
7008
7003
6999
6999
6999
6997
6995
6993
6992
6986
6986
6984
6983
6975
6971
6967
6967
6966
6964
6963
6961
6960
6958
6949
6946
6935
6935
6929
6928
6927
6927
6926
6924
6921
6920
6919
6918
6916
6915
6913
6906
6895
6895
6894
6888
6882
6880
6874
6861
6858
6852
6848
6845
6844
6843
6840
6837
6833
6832
6828
6825
6824
6819
6818
6811
6808
6801
6801
6794
6793
6791
6790
6788
6787
6787
6781
6780
6775
6770
6768
6767
6763
6755
6754
6754
6745
6745
6742
6736
6733
6732
6730
6730
6729
6727
6727
6727
6720
6718
6716
6715
6712
6712
6704
6699
6698
6695
6694
6693
6692
6690
6679
6678
6677
6674
6673
6671
6668
6666
6664
6663
6660
6656
6656
6656
6656
6654
6653
6653
6648
6637
6634
6627
6626
6625
6606
6605
6600
6598
6593
6591
6591
6590
6588
6585
6582
6581
6577
6577
6576
6565
6560
6559
6550
6548
6545
6539
6539
6534
6533
6530
6528
6519
6511
6510
6510
6507
6506
6505
6501
6500
6497
6491
6489
6480
6478
6473
6473
6469
6468
6468
6466
6457
6453
6452
6439
6439
6432
6431
6428
6418
6416
6410
6404
6403
6401
6390
6389
6377
6374
6373
6372
6364
6361
6358
6345
6329
6328
6328
6327
6325
6323
6313
6305
6296
6296
6295
6293
6290
6285
6278
6278
6275
6275
6272
6272
6271
6269
6269
6268
6261
6258
6257
6256
6253
6250
6240
6238
6233
6220
6220
6218
6216
6215
6213
6207
6207
6204
6204
6202
6197
6190
6181
6178
6174
6170
6163
6159
6156
6155
6154
6153
6150
6150
6149
6134
6134
6131
6131
6129
6128
6124
6124
6123
6112
6102
6097
6095
6092
6091
6091
6090
6089
6082
6079
6076
6076
6076
6075
6073
6065
6061
6061
6060
6057
6049
6048
6048
6033
6031
6029
6029
6027
6026
6020
6013
6010
6006
6005
6005
6003
5997
5996
5988
5985
5983
5979
5967
5958
5958
5956
5950
5945
5943
5928
5928
5926
5920
5917
5914
5911
5906
5903
5897
5894
5888
5886
5883
5883
5877
5847
5846
5845
5845
5843
5843
5838
5836
5829
5828
5827
5820
5819
5814
5808
5806
5805
5795
5786
5774
5770
5769
5769
5769
5767
5762
5754
5753
5751
5741
5739
5738
5738
5735
5731
5725
5723
5721
5718
5715
5709
5705
5703
5701
5694
5694
5690
5688
5686
5681
5680
5676
5673
5666
5663
5661
5661
5661
5661
5660
5657
5654
5653
5652
5651
5647
5647
5646
5646
5641
5641
5639
5638
5637
5634
5633
5632
5632
5627
5626
5625
5622
5622
5614
5613
5613
5609
5606
5604
5600
5598
5597
5593
5593
5587
5585
5583
5582
5580
5572
5561
5560
5559
5559
5550
5548
5545
5543
5542
5541
5540
5536
5532
5530
5530
5528
5527
5523
5523
5516
5515
5514
5509
5506
5501
5500
5497
5492
5484
5481
5475
5475
5472
5471
5471
5465
5456
5454
5449
5445
5438
5424
5420
5418
5417
5412
5411
5410
5405
5403
5396
5393
5393
5388
5383
5380
5377
5374
5373
5367
5362
5361
5361
5355
5354
5353
5352
5351
5347
5341
5341
5338
5336
5332
5331
5327
5325
5325
5324
5316
5312
5311
5302
5301
5297
5295
5294
5289
5288
5285
5281
5280
5276
5270
5269
5263
5262
5260
5252
5244
5244
5241
5239
5235
5231
5228
5220
5220
5218
5215
5212
5210
5207
5204
5199
5199
5194
5189
5177
5176
5175
5174
5173
5167
5163
5158
5154
5153
5151
5149
5147
5145
5145
5145
5144
5140
5140
5132
5131
5125
5123
5119
5111
5101
5094
5093
5088
5086
5083
5082
5075
5070
5065
5063
5063
5063
5051
5049
5049
5048
5048
5046
5044
5044
5043
5039
5036
5033
5029
5026
5021
5010
5007
5007
5007
5001
4997
4995
4988
4983
4977
4976
4976
4972
4969
4962
4961
4961
4959
4958
4958
4954
4951
4949
4947
4944
4938
4938
4927
4925
4916
4912
4912
4911
4903
4900
4899
4894
4891
4890
4889
4871
4871
4868
4864
4860
4858
4852
4852
4852
4852
4849
4848
4841
4839
4838
4829
4826
4823
4819
4816
4814
4813
4811
4798
4790
4786
4786
4784
4777
4777
4773
4771
4771
4770
4769
4762
4755
4740
4740
4740
4736
4730
4730
4729
4726
4724
4719
4718
4710
4703
4700
4697
4693
4692
4689
4688
4684
4681
4677
4672
4672
4667
4660
4657
4655
4655
4652
4651
4650
4650
4649
4646
4641
4635
4626
4624
4622
4619
4617
4615
4615
4612
4599
4598
4598
4595
4591
4587
4582
4581
4581
4576
4575
4571
4571
4571
4549
4548
4546
4545
4542
4540
4536
4534
4533
4529
4529
4526
4525
4524
4522
4519
4516
4511
4509
4508
4506
4500
4499
4498
4497
4497
4493
4492
4490
4487
4485
4484
4484
4482
4482
4481
4474
4473
4471
4465
4465
4464
4461
4455
4453
4440
4439
4436
4435
4430
4425
4420
4417
4416
4413
4410
4408
4405
4404
4404
4399
4398
4395
4390
4386
4382
4379
4376
4376
4372
4372
4369
4368
4366
4359
4358
4356
4353
4352
4351
4347
4338
4331
4330
4329
4327
4324
4319
4316
4312
4311
4310
4306
4305
4301
4298
4297
4296
4285
4284
4268
4261
4258
4255
4255
4254
4252
4251
4250
4248
4248
4243
4241
4240
4234
4234
4232
4225
4221
4218
4211
4201
4200
4195
4188
4179
4178
4171
4168
4168
4159
4154
4153
4152
4147
4146
4143
4143
4142
4142
4141
4140
4137
4123
4120
4117
4112
4107
4107
4106
4099
4093
4077
4076
4067
4067
4066
4058
4057
4053
4049
4049
4044
4041
4041
4040
4037
4036
4027
4025
4024
4022
4022
4021
4018
4017
4012
4010
4010
4002
4000
4000
3978
3971
3964
3964
3953
3944
3943
3939
3939
3936
3934
3934
3932
3930
3924
3924
3923
3920
3919
3917
3913
3912
3911
3906
3898
3897
3895
3891
3891
3889
3888
3886
3886
3885
3880
3877
3870
3868
3864
3863
3855
3852
3849
3849
3846
3842
3839
3838
3836
3831
3828
3821
3819
3804
3800
3791
3790
3789
3788
3787
3778
3773
3773
3766
3766
3765
3761
3760
3759
3757
3755
3753
3752
3751
3750
3746
3745
3742
3737
3726
3715
3703
3701
3693
3693
3691
3689
3686
3682
3670
3670
3660
3656
3653
3652
3648
3648
3638
3637
3637
3636
3634
3631
3629
3627
3619
3617
3612
3608
3606
3600
3596
3594
3594
3586
3586
3581
3579
3578
3571
3570
3566
3560
3559
3557
3552
3551
3548
3548
3547
3547
3546
3543
3535
3534
3534
3531
3525
3523
3520
3518
3516
3507
3505
3501
3496
3485
3482
3481
3481
3474
3472
3471
3468
3462
3460
3459
3448
3443
3439
3436
3429
3429
3425
3423
3415
3412
3409
3408
3408
3405
3405
3405
3403
3400
3394
3382
3381
3378
3374
3370
3370
3368
3363
3363
3352
3350
3348
3346
3345
3340
3337
3336
3333
3331
3330
3329
3326
3321
3321
3314
3301
3293
3292
3292
3290
3289
3289
3285
3284
3284
3273
3264
3257
3257
3256
3255
3253
3239
3238
3236
3235
3233
3232
3232
3228
3218
3216
3214
3212
3212
3208
3201
3196
3191
3190
3186
3182
3178
3178
3178
3177
3175
3174
3173
3170
3168
3168
3167
3165
3162
3162
3161
3161
3158
3157
3153
3150
3146
3142
3136
3135
3133
3124
3118
3115
3098
3092
3091
3091
3088
3087
3082
3079
3078
3067
3046
3038
3037
3034
3033
3021
3020
3015
3012
3012
3010
3009
3007
2997
2997
2989
2988
2987
2987
2986
2986
2980
2979
2977
2975
2974
2968
2968
2964
2959
2946
2945
2935
2935
2934
2931
2930
2918
2917
2908
2904
2902
2900
2898
2893
2892
2892
2890
2890
2884
2881
2872
2869
2869
2864
2864
2861
2860
2858
2849
2846
2846
2844
2840
2840
2839
2833
2827
2827
2826
2825
2814
2811
2809
2808
2808
2805
2801
2792
2791
2787
2783
2777
2775
2774
2771
2767
2767
2764
2764
2763
2763
2758
2757
2745
2744
2743
2742
2740
2733
2732
2729
2727
2721
2719
2716
2711
2709
2707
2705
2701
2694
2690
2686
2683
2680
2679
2676
2673
2667
2666
2665
2665
2661
2661
2659
2657
2643
2638
2636
2635
2634
2633
2629
2628
2626
2625
2624
2623
2622
2621
2611
2609
2608
2607
2597
2583
2578
2577
2575
2574
2571
2571
2571
2569
2565
2563
2549
2549
2547
2547
2543
2543
2540
2531
2529
2525
2524
2521
2519
2518
2514
2513
2508
2501
2499
2498
2496
2495
2485
2482
2479
2478
2477
2476
2473
2473
2471
2469
2460
2456
2451
2450
2448
2441
2440
2437
2433
2430
2430
2429
2427
2423
2423
2409
2408
2407
2405
2405
2404
2400
2395
2394
2391
2391
2391
2390
2390
2388
2387
2386
2383
2380
2377
2364
2362
2360
2352
2342
2340
2339
2338
2332
2330
2325
2324
2318
2318
2315
2313
2312
2309
2308
2306
2298
2294
2285
2284
2278
2267
2263
2262
2261
2259
2257
2257
2253
2251
2251
2249
2247
2247
2245
2243
2238
2227
2218
2213
2208
2205
2199
2192
2176
2174
2173
2167
2163
2145
2145
2143
2138
2126
2124
2117
2112
2111
2109
2107
2106
2105
2097
2097
2095
2094
2086
2084
2080
2073
2070
2070
2068
2064
2061
2055
2053
2046
2042
2040
2035
2034
2032
2023
2021
2015
2007
2005
2005
2001
1996
1993
1992
1988
1980
1979
1978
1978
1975
1975
1967
1966
1964
1953
1952
1950
1948
1947
1947
1938
1933
1931
1929
1915
1912
1907
1905
1904
1900
1897
1889
1887
1886
1884
1884
1878
1877
1877
1869
1868
1866
1864
1862
1859
1859
1850
1844
1838
1834
1825
1822
1821
1821
1817
1817
1817
1815
1813
1807
1806
1806
1803
1795
1789
1788
1784
1783
1779
1777
1777
1776
1765
1764
1762
1760
1759
1750
1749
1748
1748
1746
1742
1741
1734
1732
1731
1730
1724
1720
1719
1717
1715
1711
1710
1708
1700
1697
1695
1692
1690
1689
1688
1684
1684
1682
1681
1680
1674
1672
1671
1671
1667
1667
1662
1661
1659
1653
1652
1651
1650
1648
1643
1640
1638
1635
1632
1629
1623
1622
1619
1619
1612
1609
1602
1596
1594
1592
1584
1582
1580
1579
1577
1575
1567
1564
1559
1557
1551
1544
1542
1541
1537
1534
1523
1520
1519
1514
1511
1510
1503
1501
1500
1496
1484
1473
1471
1471
1468
1466
1464
1459
1455
1451
1446
1443
1435
1431
1430
1428
1428
1428
1425
1423
1422
1412
1406
1406
1402
1396
1388
1388
1387
1383
1383
1381
1376
1375
1369
1369
1368
1367
1365
1362
1353
1346
1336
1334
1332
1323
1318
1317
1315
1313
1310
1309
1309
1308
1291
1290
1287
1287
1279
1269
1266
1254
1250
1246
1235
1229
1229
1229
1228
1228
1227
1217
1216
1213
1211
1210
1210
1208
1208
1204
1203
1203
1198
1196
1192
1186
1183
1177
1173
1173
1159
1150
1139
1130
1127
1126
1125
1122
1122
1117
1114
1109
1104
1103
1101
1101
1100
1098
1095
1091
1090
1089
1083
1083
1079
1074
1073
1068
1065
1063
1061
1060
1058
1048
1041
1041
1040
1029
1016
1014
1013
1010
1009
1009
1009
1006
1002
999
998
996
994
989
986
984
980
977
976
974
970
969
968
967
965
963
954
951
945
937
936
935
931
928
926
925
924
923
915
914
907
907
903
903
903
899
894
892
889
884
881
876
875
874
871
865
861
859
859
856
854
851
839
838
836
835
824
823
818
805
803
802
799
798
798
797
795
781
771
766
766
759
753
751
751
751
750
749
749
748
745
745
743
741
741
740
738
737
736
735
735
735
735
730
730
728
728
728
727
727
726
726
726
726
723
722
721
721
719
716
714
711
711
706
704
703
698
697
695
693
687
687
686
685
683
681
681
681
675
675
674
674
674
672
672
671
670
669
668
657
657
656
655
655
654
654
654
653
652
647
645
640
638
637
637
637
633
633
632
632
631
630
629
628
623
620
619
619
615
615
614
613
612
612
611
611
611
610
610
607
607
606
605
603
603
603
600
599
598
598
597
596
592
591
591
588
587
586
586
584
583
581
579
578
578
576
575
575
574
573
573
572
569
566
565
564
560
558
558
558
557
555
555
553
549
546
542
541
541
541
540
540
538
538
535
533
526
524
520
519
517
516
514
512
511
510
509
506
504
502
499
498
497
497
495
494
493
487
487
487
484
481
481
476
473
473
472
470
469
468
468
467
466
466
464
464
463
463
462
461
461
458
457
453
453
452
452
451
447
446
445
445
444
438
435
434
432
432
432
431
429
426
424
422
420
420
418
416
415
414
412
408
407
405
404
404
402
401
400
399
396
394
394
393
393
392
390
389
387
387
385
384
384
382
380
379
379
373
372
371
371
370
370
370
369
366
363
362
362
361
361
359
354
345
345
340
339
337
336
333
332
332
330
329
328
327
326
326
323
322
322
319
316
316
314
313
312
311
311
308
307
306
306
305
305
302
301
300
299
297
295
294
293
291
286
283
282
279
277
276
276
275
275
274
274
273
270
270
269
265
264
264
263
261
252
251
250
249
249
248
247
244
233
233
231
225
222
222
221
220
220
219
219
217
213
210
209
207
205
199
198
196
194
193
191
191
188
187
186
179
177
173
172
172
172
171
171
169
169
169
166
163
162
162
158
157
155
155
155
154
152
147
145
143
139
131
130
130
128
127
127
127
126
125
124
123
121
117
116
115
113
112
110
110
109
106
104
104
95
89
88
86
85
82
79
78
76
75
74
69
69
68
63
62
61
61
59
58
57
57
52
51
50
48
46
45
37
36
36
33
32
30
28
28
26
26
24
24
23
22
20
20
17
14
13
11
10
6
3
0
