32000
31997
31995
31994
31993
31985
31985
31983
31981
31980
31980
31980
31978
31978
31976
31975
31973
31970
31969
31967
31966
31963
31960
31959
31956
31954
31944
31942
31941
31925
31925
31919
31919
31916
31916
31913
31908
31908
31906
31904
31902
31895
31892
31889
31887
31878
31872
31871
31867
31865
31864
31857
31849
31849
31848
31843
31840
31839
31833
31832
31827
31827
31826
31826
31824
31824
31812
31811
31807
31805
31802
31800
31796
31782
31780
31773
31771
31767
31763
31762
31761
31760
31755
31755
31754
31738
31735
31733
31728
31727
31727
31725
31723
31722
31721
31719
31717
31714
31714
31713
31713
31712
31706
31703
31700
31698
31687
31685
31684
31681
31678
31678
31676
31668
31668
31667
31665
31663
31662
31658
31653
31648
31648
31647
31645
31644
31636
31634
31631
31630
31626
31621
31621
31620
31620
31614
31608
31597
31593
31591
31591
31585
31585
31584
31584
31583
31581
31573
31571
31563
31547
31542
31541
31540
31536
31535
31526
31525
31525
31524
31524
31523
31521
31516
31508
31506
31504
31503
31501
31492
31490
31490
31486
31486
31482
31477
31476
31475
31468
31467
31461
31458
31455
31455
31455
31453
31447
31446
31444
31439
31438
31431
31431
31429
31429
31420
31419
31418
31418
31418
31415
31410
31407
31403
31402
31400
31393
31391
31388
31384
31379
31379
31370
31366
31362
31359
31358
31352
31352
31349
31334
31330
31328
31327
31323
31316
31309
31308
31304
31303
31296
31292
31290
31283
31282
31275
31264
31260
31256
31244
31243
31243
31242
31235
31233
31232
31220
31213
31211
31207
31206
31204
31199
31193
31190
31190
31185
31184
31184
31182
31177
31175
31173
31159
31158
31154
31144
31143
31138
31137
31132
31128
31121
31119
31118
31118
31109
31107
31100
31096
31087
31086
31085
31077
31076
31075
31069
31066
31066
31063
31061
31053
31052
31041
31033
31028
31026
31025
31021
31020
31013
31007
31007
31006
31001
30998
30997
30996
30990
30989
30983
30981
30979
30976
30972
30963
30956
30953
30951
30950
30937
30935
30933
30928
30919
30919
30914
30914
30912
30911
30909
30906
30905
30902
30897
30896
30893
30893
30868
30867
30862
30852
30842
30839
30837
30836
30829
30827
30826
30825
30821
30818
30817
30816
30816
30811
30803
30797
30793
30793
30793
30791
30787
30783
30778
30777
30776
30776
30775
30768
30767
30767
30757
30757
30756
30746
30745
30743
30736
30735
30734
30734
30725
30724
30722
30719
30717
30714
30711
30711
30708
30701
30700
30673
30663
30660
30654
30654
30650
30650
30649
30645
30645
30645
30637
30636
30635
30631
30628
30627
30627
30626
30624
30620
30619
30618
30617
30617
30615
30611
30609
30596
30595
30594
30593
30587
30585
30582
30581
30581
30579
30579
30578
30577
30571
30571
30568
30568
30566
30565
30563
30561
30560
30558
30551
30548
30546
30544
30529
30524
30508
30507
30507
30492
30491
30482
30482
30479
30472
30465
30456
30455
30452
30451
30449
30448
30447
30445
30443
30441
30438
30433
30431
30423
30416
30416
30409
30408
30406
30398
30396
30391
30387
30380
30379
30374
30373
30367
30366
30363
30362
30361
30350
30350
30344
30342
30340
30340
30336
30329
30329
30327
30323
30321
30320
30319
30312
30309
30309
30302
30301
30297
30292
30292
30285
30281
30280
30277
30274
30265
30262
30260
30256
30252
30251
30245
30245
30242
30238
30237
30236
30234
30234
30233
30230
30230
30228
30226
30224
30223
30215
30213
30212
30211
30203
30200
30191
30186
30185
30181
30172
30168
30167
30163
30157
30156
30155
30153
30152
30152
30140
30135
30131
30131
30130
30125
30124
30123
30121
30120
30118
30113
30110
30109
30102
30102
30098
30091
30087
30086
30085
30084
30076
30076
30075
30075
30072
30070
30070
30057
30054
30052
30050
30049
30045
30045
30040
30039
30037
30032
30031
30030
30020
30010
30009
30003
30001
29998
29998
29998
29989
29983
29982
29977
29976
29974
29973
29972
29971
29970
29969
29967
29963
29954
29954
29953
29952
29946
29936
29928
29927
29926
29924
29919
29914
29914
29913
29909
29897
29895
29894
29894
29869
29863
29862
29861
29858
29854
29853
29850
29846
29843
29843
29840
29838
29837
29827
29825
29824
29824
29823
29823
29819
29818
29815
29814
29805
29800
29798
29788
29784
29773
29772
29770
29768
29761
29759
29756
29751
29746
29740
29740
29740
29737
29735
29733
29726
29724
29722
29721
29716
29708
29706
29702
29701
29693
29687
29687
29680
29680
29676
29675
29674
29672
29672
29664
29661
29660
29648
29647
29643
29641
29639
29638
29635
29632
29630
29629
29628
29619
29617
29616
29611
29610
29603
29603
29601
29597
29597
29596
29595
29592
29591
29588
29586
29586
29581
29578
29577
29576
29576
29574
29568
29568
29567
29561
29559
29557
29552
29543
29539
29537
29528
29525
29523
29520
29518
29517
29512
29511
29510
29510
29507
29500
29499
29498
29495
29494
29493
29493
29489
29485
29483
29480
29478
29471
29470
29465
29462
29461
29460
29458
29445
29445
29441
29440
29437
29436
29435
29433
29425
29424
29422
29422
29416
29414
29412
29409
29407
29405
29405
29397
29395
29393
29392
29392
29391
29390
29387
29381
29375
29372
29365
29365
29362
29348
29348
29346
29346
29345
29339
29339
29339
29338
29321
29318
29314
29311
29308
29307
29306
29300
29288
29279
29271
29271
29265
29259
29257
29256
29254
29253
29251
29245
29242
29241
29238
29237
29236
29235
29228
29218
29212
29210
29209
29205
29197
29194
29193
29190
29189
29189
29188
29187
29187
29176
29176
29176
29163
29162
29159
29157
29153
29147
29130
29128
29128
29127
29125
29120
29120
29115
29112
29110
29110
29109
29107
29106
29098
29096
29096
29094
29092
29087
29086
29085
29083
29081
29077
29075
29074
29073
29069
29067
29062
29055
29054
29051
29051
29044
29043
29039
29037
29034
29034
29032
29022
29019
29015
29015
29012
29009
29004
29004
29003
28994
28990
28990
28979
28974
28967
28958
28957
28957
28954
28953
28952
28950
28949
28946
28946
28943
28942
28937
28932
28926
28923
28923
28922
28913
28911
28910
28909
28907
28906
28902
28899
28893
28888
28887
28886
28882
28882
28879
28878
28875
28875
28874
28873
28872
28871
28870
28866
28862
28854
28849
28849
28845
28843
28834
28832
28831
28827
28826
28818
28818
28815
28806
28803
28797
28797
28792
28787
28785
28784
28782
28782
28779
28778
28776
28774
28772
28767
28760
28757
28757
28756
28755
28753
28751
28745
28744
28744
28738
28734
28732
28730
28728
28727
28725
28724
28722
28711
28706
28706
28705
28704
28699
28697
28697
28696
28695
28689
28684
28684
28683
28682
28676
28672
28668
28668
28664
28662
28659
28652
28650
28649
28648
28645
28645
28644
28641
28640
28640
28638
28634
28626
28624
28616
28614
28610
28608
28604
28601
28600
28596
28593
28591
28587
28587
28581
28578
28578
28575
28569
28562
28560
28558
28558
28549
28542
28538
28536
28536
28531
28529
28525
28524
28520
28519
28508
28496
28494
28490
28486
28483
28473
28473
28463
28457
28456
28455
28453
28452
28451
28450
28450
28444
28444
28439
28425
28423
28420
28419
28418
28415
28414
28412
28403
28401
28400
28391
28388
28375
28372
28364
28353
28348
28344
28341
28335
28332
28330
28330
28328
28312
28312
28311
28309
28309
28307
28306
28303
28302
28298
28297
28297
28295
28290
28290
28287
28276
28274
28269
28269
28266
28263
28259
28252
28252
28244
28242
28242
28239
28233
28233
28231
28224
28224
28222
28216
28214
28207
28206
28205
28197
28195
28195
28191
28191
28185
28179
28175
28175
28173
28172
28167
28167
28167
28164
28161
28161
28158
28156
28152
28149
28146
28146
28146
28143
28141
28137
28129
28129
28121
28119
28119
28116
28111
28111
28106
28102
28101
28097
28079
28078
28077
28076
28071
28069
28069
28056
28055
28051
28046
28025
28022
28019
28015
28009
28006
28002
27998
27995
27986
27986
27985
27974
27964
27960
27958
27938
27938
27933
27932
27931
27930
27926
27926
27924
27920
27919
27918
27917
27910
27908
27906
27905
27902
27902
27900
27899
27890
27889
27888
27885
27880
27879
27876
27871
27869
27868
27867
27862
27859
27854
27852
27851
27844
27844
27842
27833
27832
27819
27817
27813
27810
27804
27802
27793
27792
27792
27784
27780
27780
27774
27762
27754
27751
27749
27746
27745
27745
27745
27745
27742
27738
27735
27730
27725
27720
27713
27705
27702
27697
27696
27692
27691
27689
27687
27686
27684
27683
27676
27668
27667
27663
27663
27659
27658
27656
27656
27650
27648
27647
27646
27646
27644
27642
27641
27641
27635
27626
27625
27623
27616
27614
27609
27607
27598
27594
27586
27585
27583
27575
27572
27569
27566
27562
27558
27556
27554
27550
27547
27538
27537
27529
27521
27518
27512
27509
27501
27490
27488
27486
27482
27480
27478
27477
27472
27468
27464
27464
27456
27452
27449
27445
27445
27439
27438
27431
27422
27417
27412
27412
27410
27407
27404
27403
27389
27388
27385
27381
27379
27368
27366
27365
27364
27358
27349
27349
27345
27335
27333
27332
27319
27312
27312
27304
27303
27298
27268
27266
27257
27256
27248
27398
27387
27384
27376
27374
27367
27355
27352
27344
27339
27329
27327
27318
27299
27292
27282
27265
27260
27259
27253
27252
27247
27244
27242
27242
27237
27226
27221
27220
27219
27216
27212
27212
27212
27207
27205
27202
27201
27198
27193
27190
27185
27180
27176
27175
27174
27168
27157
27155
27145
27142
27134
27132
27132
27124
27120
27112
27108
27107
27103
27102
27099
27093
27089
27089
27085
27083
27080
27079
27077
27068
27065
27063
27063
27061
27059
27055
27044
27041
27040
27038
27038
27035
27034
27028
27028
27025
27020
27018
27012
27010
27005
27003
26997
26995
26963
26955
26948
26944
26943
26938
26937
26937
26935
26932
26927
26917
26913
26909
26903
26902
26898
26897
26896
26892
26886
26884
26882
26876
26872
26865
26864
26854
26853
26850
26846
26839
26838
26833
26832
26831
26828
26827
26820
26816
26816
26813
26813
26811
26807
26800
26790
26790
26790
26789
26767
26765
26763
26763
26762
26758
26753
26751
26743
26733
26728
26728
26728
26726
26724
26720
26719
26719
26713
26713
26712
26712
26710
26709
26708
26707
26691
26691
26688
26685
26683
26681
26681
26678
26677
26672
26669
26669
26668
26666
26664
26662
26661
26661
26659
26658
26655
26655
26644
26641
26639
26637
26637
26637
26637
26636
26630
26630
26628
26626
26624
26624
26623
26619
26611
26608
26601
26600
26599
26594
26589
26589
26586
26583
26578
26576
26575
26572
26568
26566
26558
26557
26556
26556
26555
26547
26543
26541
26537
26537
26536
26534
26531
26526
26518
26515
26512
26509
26506
26505
26504
26502
26496
26492
26475
26475
26469
26461
26459
26459
26458
26456
26448
26446
26443
26439
26436
26431
26425
26421
26419
26406
26402
26400
26397
26393
26385
26384
26380
26379
26377
26374
26374
26372
26368
26359
26358
26353
26347
26347
26344
26341
26339
26335
26333
26333
26332
26332
26316
26315
26315
26312
26312
26309
26309
26307
26302
26299
26298
26297
26295
26289
26287
26283
26275
26272
26265
26262
26261
26258
26254
26242
26240
26239
26239
26237
26236
26233
26232
26232
26232
26232
26218
26216
26215
26212
26211
26211
26208
26207
26195
26189
26188
26187
26185
26184
26181
26177
26174
26174
26173
26164
26157
26153
26144
26141
26140
26138
26137
26135
26133
26133
26131
26130
26128
26126
26120
26116
26115
26112
26112
26110
26110
26102
26096
26094
26093
26092
26076
26062
26061
26061
26060
26059
26059
26053
26046
26039
26038
26024
26021
26019
26017
26014
26011
26008
26006
26004
26000
25998
25993
25992
25988
25985
25975
25967
25966
25965
25965
25954
25942
25933
25929
25928
25928
25925
25923
25913
25913
25910
25909
25908
25904
25902
25896
25891
25890
25890
25889
25888
25880
25869
25869
25864
25859
25859
25856
25852
25847
25838
25838
25837
25836
25836
25835
25823
25820
25819
25816
25815
25814
25808
25808
25807
25807
25806
25804
25803
25803
25801
25801
25801
25800
25799
25799
25797
25796
25795
25794
25792
25786
25784
25783
25779
25773
25772
25768
25768
25765
25764
25760
25757
25752
25748
25746
25744
25736
25735
25734
25733
25727
25724
25724
25722
25711
25704
25701
25698
25697
25692
25691
25690
25684
25683
25681
25681
25673
25665
25660
25655
25650
25649
25645
25643
25642
25640
25632
25630
25629
25621
25617
25616
25616
25605
25604
25599
25596
25587
25577
25576
25574
25572
25568
25568
25564
25563
25557
25557
25556
25555
25555
25554
25551
25541
25541
25535
25534
25533
25532
25525
25519
25516
25516
25515
25515
25509
25508
25502
25497
25496
25496
25495
25491
25491
25473
25469
25469
25468
25466
25464
25460
25458
25453
25452
25444
25441
25436
25433
25426
25421
25416
25413
25410
25408
25400
25399
25399
25397
25393
25385
25385
25382
25376
25374
25369
25364
25357
25347
25347
25341
25339
25336
25335
25334
25330
25330
25327
25322
25320
25319
25317
25313
25312
25309
25300
25300
25299
25293
25290
25283
25281
25277
25272
25270
25264
25264
25258
25257
25255
25255
25253
25245
25243
25240
25238
25237
25236
25235
25233
25232
25230
25228
25225
25211
25208
25208
25205
25205
25203
25199
25198
25196
25193
25188
25188
25182
25182
25181
25180
25169
25165
25163
25163
25160
25159
25157
25153
25151
25150
25149
25148
25144
25142
25138
25137
25137
25134
25131
25130
25128
25127
25127
25117
25114
25112
25104
25104
25100
25095
25090
25090
25086
25081
25080
25077
25076
25075
25061
25056
25039
25039
25036
25032
25032
25025
25024
25023
25023
25022
25018
25017
25011
25006
25005
24993
24989
24989
24981
24971
24970
24967
24958
24958
24957
24953
24951
24949
24949
24949
24948
24946
24942
24935
24934
24930
24926
24924
24922
24921
24915
24912
24906
24902
24901
24900
24897
24893
24892
24891
24888
24885
24880
24876
24871
24871
24869
24867
24862
24856
24848
24844
24842
24840
24838
24837
24833
24824
24822
24817
24814
24812
24812
24811
24810
24806
24803
24785
24782
24780
24772
24768
24763
24760
24760
24758
24753
24750
24749
24737
24734
24723
24722
24721
24716
24715
24715
24715
24711
24710
24709
24706
24705
24701
24701
24695
24694
24690
24689
24675
24673
24672
24670
24669
24668
24667
24667
24660
24657
24655
24640
24639
24636
24634
24632
24621
24620
24620
24611
24605
24602
24601
24598
24584
24584
24580
24578
24570
24564
24564
24560
24559
24557
24556
24555
24553
24553
24552
24541
24540
24534
24533
24526
24525
24524
24517
24517
24514
24512
24505
24491
24483
24481
24476
24474
24466
24465
24465
24456
24453
24450
24431
24421
24408
24403
24397
24391
24390
24386
24381
24380
24519
24518
24514
24507
24505
24489
24464
24461
24460
24457
24457
24454
24453
24450
24431
24428
24426
24417
24416
24403
24393
24392
24392
24389
24388
24379
24379
24376
24371
24366
24363
24363
24354
24353
24351
24351
24348
24340
24340
24333
24333
24330
24328
24328
24324
24317
24316
24309
24304
24293
24293
24289
24288
24288
24286
24278
24278
24276
24274
24271
24270
24267
24266
24263
24260
24260
24257
24254
24250
24244
24244
24240
24239
24239
24231
24229
24229
24224
24220
24219
24215
24213
24212
24209
24208
24207
24206
24205
24205
24202
24199
24197
24195
24193
24183
24182
24179
24178
24178
24177
24176
24170
24164
24164
24163
24163
24162
24154
24150
24148
24144
24142
24140
24140
24125
24117
24112
24109
24109
24104
24104
24103
24103
24102
24100
24087
24084
24081
24080
24074
24073
24072
24072
24058
24055
24051
24049
24047
24039
24038
24036
24034
24033
24032
24031
24029
24028
24026
24024
24021
24017
24016
24014
24012
24010
23999
23994
23989
23988
23984
23977
23966
23962
23959
23952
23950
23944
23943
23938
23933
23928
23927
23926
23924
23921
23919
23917
23915
23914
23911
23902
23902
23897
23892
23890
23889
23888
23887
23883
23883
23881
23880
23875
23875
23871
23866
23856
23855
23853
23836
23836
23833
23832
23824
23822
23818
23816
23806
23802
23795
23793
23793
23788
23785
23780
23779
23776
23776
23774
23774
23774
23773
23767
23766
23766
23765
23765
23763
23761
23756
23754
23753
23751
23749
23749
23745
23744
23739
23737
23736
23732
23732
23730
23728
23722
23722
23719
23717
23715
23715
23709
23705
23705
23699
23690
23688
23677
23659
23658
23654
23646
23645
23642
23638
23626
23625
23620
23618
23611
23608
23605
23603
23602
23601
23600
23594
23592
23590
23589
23584
23579
23578
23577
23576
23574
23569
23565
23553
23553
23551
23549
23543
23541
23533
23531
23526
23520
23520
23518
23516
23513
23508
23506
23504
23498
23492
23480
23479
23476
23473
23471
23471
23461
23452
23450
23449
23443
23432
23430
23515
23515
23512
23510
23501
23500
23494
23492
23489
23483
23481
23480
23474
23473
23455
23453
23442
23437
23431
23430
23419
23415
23410
23409
23403
23403
23403
23401
23400
23396
23395
23389
23387
23384
23372
23367
23364
23363
23352
23350
23347
23337
23332
23332
23328
23317
23314
23312
23311
23311
23308
23305
23302
23298
23291
23282
23280
23272
23272
23268
23267
23262
23259
23251
23242
23239
23239
23238
23235
23233
23233
23233
23224
23223
23221
23213
23203
23195
23194
23193
23191
23188
23185
23185
23182
23179
23176
23175
23174
23172
23170
23169
23168
23167
23166
23165
23164
23158
23157
23154
23153
23144
23139
23138
23134
23130
23124
23119
23117
23116
23115
23108
23105
23101
23094
23093
23093
23084
23079
23076
23069
23066
23064
23063
23060
23059
23057
23045
23039
23033
23031
23025
23024
23023
23019
23016
23014
23009
23008
23005
22991
22985
22981
22952
22949
22946
22942
22941
22938
22938
22931
22922
22921
22916
22907
22900
22896
23006
23002
22997
22991
22985
22981
22978
22977
22971
22967
22938
22931
22922
22902
22899
22895
22889
22885
22882
22877
22876
22874
22867
22863
22863
22860
22859
22856
22855
22853
22852
22851
22849
22845
22845
22841
22840
22840
22837
22825
22823
22822
22809
22806
22803
22801
22792
22787
22783
22783
22779
22778
22776
22775
22773
22770
22762
22762
22755
22753
22751
22750
22748
22745
22742
22735
22733
22730
22723
22721
22719
22715
22714
22707
22706
22706
22697
22684
22683
22682
22681
22680
22680
22673
22672
22671
22662
22661
22661
22655
22653
22647
22646
22643
22634
22633
22631
22630
22629
22628
22623
22608
22608
22606
22602
22602
22598
22598
22597
22588
22587
22585
22581
22578
22563
22563
22559
22552
22548
22547
22546
22544
22537
22529
22527
22522
22521
22511
22501
22493
22487
22486
22484
22482
22481
22476
22476
22476
22471
22471
22469
22466
22453
22453
22452
22450
22445
22440
22439
22425
22417
22417
22414
22411
22410
22409
22407
22406
22405
22402
22401
22396
22396
22394
22389
22386
22384
22379
22375
22373
22365
22365
22361
22359
22359
22359
22356
22346
22342
22341
22339
22339
22335
22334
22332
22330
22330
22326
22325
22323
22318
22315
22314
22311
22311
22308
22304
22303
22302
22294
22290
22289
22289
22288
22279
22277
22276
22270
22269
22260
22258
22256
22248
22245
22245
22242
22240
22236
22233
22232
22230
22223
22221
22212
22207
22207
22203
22203
22203
22201
22199
22195
22192
22185
22184
22184
22175
22173
22172
22170
22167
22163
22160
22155
22153
22146
22141
22134
22129
22129
22129
22128
22128
22125
22124
22121
22118
22118
22109
22107
22106
22104
22101
22100
22099
22098
22096
22095
22092
22092
22092
22087
22086
22081
22080
22078
22078
22071
22058
22056
22053
22048
22045
22035
22029
22026
22025
22023
22022
22021
22018
22018
22014
22011
22011
22005
22001
21999
21995
21992
21986
21982
21982
21977
21976
21973
21972
21965
21965
21963
21963
21958
21956
21956
21953
21949
21942
21941
21939
21938
21932
21932
21932
21929
21928
21927
21927
21926
21924
21922
21921
21912
21904
21900
21893
21893
21891
21891
21883
21877
21875
21873
21871
21864
21859
21851
21839
21834
21834
21833
21832
21828
21825
21824
21823
21823
21819
21818
21810
21807
21804
21803
21797
21788
21787
21783
21781
21780
21779
21775
21765
21762
21754
21752
21749
21743
21739
21739
21737
21734
21732
21728
21728
21720
21719
21719
21719
21717
21716
21711
21711
21711
21709
21709
21704
21703
21701
21699
21698
21695
21688
21687
21686
21677
21673
21672
21670
21653
21653
21653
21650
21648
21645
21640
21640
21630
21625
21625
21621
21620
21615
21609
21605
21601
21600
21600
21596
21596
21583
21580
21564
21561
21556
21556
21545
21536
21534
21526
21520
21516
21508
21507
21507
21504
21501
21478
21473
21466
21449
21445
21444
21437
21428
21424
21415
21576
21572
21554
21554
21534
21533
21531
21527
21525
21523
21518
21506
21506
21504
21503
21501
21498
21498
21493
21489
21483
21482
21478
21477
21459
21452
21431
21413
21413
21413
21406
21405
21404
21402
21401
21400
21400
21397
21394
21390
21389
21387
21384
21384
21382
21381
21380
21379
21363
21361
21348
21345
21345
21342
21338
21331
21330
21330
21326
21325
21321
21320
21320
21317
21315
21314
21314
21313
21312
21312
21311
21310
21308
21307
21294
21292
21288
21282
21280
21277
21273
21259
21256
21254
21253
21250
21248
21248
21245
21244
21244
21243
21243
21241
21235
21233
21227
21224
21223
21217
21215
21212
21202
21198
21195
21191
21185
21182
21182
21178
21177
21175
21175
21175
21171
21168
21168
21165
21163
21161
21152
21152
21151
21147
21137
21137
21135
21134
21131
21120
21119
21118
21108
21106
21104
21102
21100
21098
21097
21091
21090
21067
21066
21059
21058
21054
21054
21040
21038
21035
21027
21020
21011
21009
21008
21003
20999
20992
20987
20984
20977
20977
20976
20973
20971
20966
20965
20965
20962
20957
20942
20941
20941
20937
20936
20935
20923
20920
20918
20916
20915
20914
20912
20892
20891
20891
20887
20881
20881
20876
20873
20873
20870
20863
20862
20853
20852
20849
20848
20848
20845
20843
20841
20839
20837
20837
20836
20823
20821
20817
20816
20813
20813
20812
20810
20805
20798
20793
20791
20790
20789
20787
20782
20780
20780
20779
20777
20772
20770
20768
20767
20761
20760
20753
20751
20747
20745
20744
20744
20742
20739
20735
20731
20730
20725
20721
20720
20720
20720
20715
20715
20713
20699
20696
20688
20679
20672
20661
20654
20654
20647
20644
20644
20644
20643
20642
20639
20639
20637
20636
20634
20629
20629
20621
20603
20602
20600
20598
20595
20594
20593
20592
20591
20589
20589
20584
20584
20582
20566
20561
20560
20557
20556
20551
20546
20535
20533
20532
20531
20531
20527
20526
20525
20521
20520
20519
20515
20515
20510
20507
20506
20501
20501
20500
20500
20490
20489
20487
20484
20483
20479
20477
20456
20455
20451
20449
20447
20444
20440
20435
20434
20433
20423
20421
20420
20419
20400
20394
20384
20380
20375
20374
20373
20371
20369
20367
20365
20358
20358
20357
20353
20347
20344
20343
20338
20326
20326
20324
20324
20322
20318
20316
20315
20306
20298
20293
20285
20283
20283
20282
20271
20269
20264
20261
20258
20253
20250
20246
20243
20241
20238
20235
20232
20232
20224
20223
20220
20219
20219
20217
20216
20211
20208
20196
20196
20194
20190
20182
20181
20180
20179
20178
20177
20176
20174
20173
20172
20165
20161
20146
20139
20138
20132
20128
20127
20119
20115
20113
20111
20107
20104
20102
20102
20093
20093
20086
20084
20082
20079
20078
20077
20077
20075
20074
20073
20070
20068
20064
20063
20061
20060
20058
20054
20053
20049
20049
20037
20036
20026
20021
20019
20019
20018
20017
20014
20009
19998
19996
19989
19986
19982
19981
19980
19977
19970
19969
19968
19968
19965
19964
19961
19960
19959
19952
19950
19940
19937
19936
19934
19933
19928
19925
19921
19921
19917
19914
19910
19905
19902
19900
19900
19897
19890
19881
19880
19878
19877
19876
19873
19871
19861
19858
19845
19840
19837
19828
19826
19824
19815
19809
19809
19794
19790
19788
19784
19782
19777
19776
19773
19773
19772
19769
19768
19767
19766
19765
19748
19742
19741
19738
19730
19714
19710
19708
19699
19692
19685
19684
19766
19764
19761
19759
19757
19756
19753
19751
19743
19738
19726
19722
19710
19707
19702
19702
19693
19680
19679
19672
19667
19660
19659
19657
19655
19652
19651
19647
19643
19641
19641
19641
19639
19630
19628
19628
19622
19619
19617
19614
19613
19609
19605
19598
19592
19592
19591
19582
19581
19571
19567
19564
19564
19551
19549
19547
19538
19538
19530
19519
19514
19514
19513
19512
19511
19508
19507
19505
19500
19496
19493
19490
19479
19475
19472
19469
19467
19462
19461
19457
19456
19449
19449
19442
19440
19436
19436
19435
19433
19426
19421
19408
19405
19403
19401
19398
19397
19388
19386
19385
19383
19381
19380
19374
19368
19366
19366
19353
19351
19351
19348
19347
19346
19345
19345
19336
19335
19328
19327
19323
19322
19317
19314
19306
19305
19302
19300
19299
19299
19297
19295
19288
19282
19276
19272
19269
19258
19257
19255
19246
19244
19243
19237
19235
19234
19233
19233
19231
19222
19220
19220
19214
19212
19211
19208
19203
19202
19201
19200
19200
19193
19191
19189
19187
19182
19180
19177
19174
19173
19173
19166
19166
19165
19165
19165
19156
19152
19147
19144
19141
19141
19137
19125
19125
19124
19122
19120
19108
19108
19101
19093
19087
19084
19084
19081
19081
19078
19071
19067
19064
19063
19060
19056
19053
19053
19052
19050
19048
19041
19040
19038
19037
19037
19035
19030
19028
19024
19022
19020
19012
19001
18998
18995
18989
18989
18988
18987
18982
18981
18981
18977
18977
18976
18975
18973
18970
18967
18964
18960
18956
18955
18948
18947
18943
18939
18936
18934
18933
18931
18930
18923
18923
18922
18913
18911
18910
18903
18898
18891
18889
18887
18880
18878
18877
18869
18867
18864
18864
18856
18855
18855
18846
18843
18839
18836
18832
18827
18826
18810
18808
18805
18796
18796
18794
18789
18786
18785
18783
18783
18779
18776
18773
18767
18764
18762
18749
18740
18738
18735
18735
18731
18721
18719
18716
18711
18707
18706
18706
18705
18703
18701
18696
18693
18689
18687
18686
18684
18680
18670
18667
18666
18665
18661
18655
18654
18652
18652
18644
18640
18639
18635
18632
18628
18627
18624
18623
18622
18619
18618
18616
18614
18613
18613
18612
18612
18596
18585
18583
18581
18581
18579
18577
18563
18559
18548
18548
18545
18543
18541
18532
18526
18519
18515
18514
18513
18507
18501
18501
18501
18500
18499
18492
18488
18480
18474
18473
18472
18472
18467
18464
18463
18463
18461
18460
18457
18456
18455
18455
18450
18447
18441
18439
18437
18437
18435
18430
18429
18429
18425
18419
18417
18417
18416
18410
18410
18405
18402
18402
18398
18390
18386
18385
18381
18374
18374
18369
18367
18367
18359
18356
18343
18340
18338
18337
18337
18334
18329
18329
18324
18321
18321
18317
18313
18311
18311
18303
18302
18289
18288
18285
18280
18279
18275
18274
18273
18269
18256
18251
18244
18241
18241
18231
18226
18225
18224
18223
18223
18221
18220
18214
18212
18209
18207
18207
18206
18205
18192
18187
18186
18184
18183
18179
18179
18177
18175
18173
18172
18172
18168
18166
18165
18165
18163
18155
18147
18147
18145
18141
18140
18135
18133
18132
18128
18126
18124
18122
18122
18121
18117
18113
18110
18103
18098
18095
18085
18085
18085
18070
18067
18066
18064
18062
18061
18058
18056
18055
18052
18050
18050
18040
18029
18023
18017
18013
18010
18009
18008
18003
17999
17997
17995
17994
17983
17982
17971
17965
17960
17958
17957
17950
17947
17946
17946
17941
17940
17924
17923
17919
17918
17918
17915
17914
17913
17907
17900
17897
17893
17893
17891
17889
17887
17884
17883
17883
17880
17879
17879
17876
17875
17868
17867
17867
17865
17865
17859
17857
17856
17853
17851
17843
17840
17836
17830
17829
17829
17828
17826
17825
17823
17820
17818
17812
17805
17802
17800
17798
17796
17793
17793
17790
17785
17773
17772
17769
17765
17758
17755
17749
17747
17746
17743
17743
17733
17723
17723
17720
17719
17718
17718
17718
17716
17709
17708
17706
17705
17705
17686
17682
17679
17674
17673
17670
17666
17665
17664
17663
17658
17656
17653
17647
17643
17632
17632
17628
17625
17624
17622
17616
17615
17612
17612
17608
17605
17604
17602
17602
17599
17595
17594
17591
17590
17589
17581
17575
17572
17569
17568
17567
17567
17554
17552
17547
17546
17543
17540
17539
17536
17529
17529
17527
17526
17524
17521
17514
17509
17506
17503
17499
17495
17493
17492
17489
17486
17482
17468
17462
17459
17458
17456
17454
17438
17436
17435
17434
17434
17426
17417
17412
17405
17394
17393
17390
17389
17389
17389
17388
17387
17383
17374
17372
17364
17364
17360
17359
17357
17355
17352
17348
17346
17343
17343
17339
17337
17336
17334
17331
17331
17326
17325
17325
17318
17309
17309
17306
17299
17296
17293
17282
17280
17277
17276
17274
17268
17268
17265
17261
17255
17248
17248
17247
17246
17244
17239
17236
17233
17223
17218
17215
17209
17209
17206
17201
17197
17188
17188
17187
17185
17183
17182
17180
17176
17174
17168
17164
17163
17156
17154
17153
17153
17150
17144
17131
17130
17121
17120
17114
17109
17101
17098
17096
17094
17087
17086
17086
17077
17076
17075
17072
17060
17053
17048
17047
17047
17037
17037
17034
17032
17031
17027
17027
17024
17022
17021
17019
17008
17008
17008
17006
17001
17001
16998
16995
16995
16994
16990
16988
16984
16977
16977
16968
16965
16963
16960
16952
16948
16947
16947
16946
16946
16942
16939
16937
16936
16934
16928
16927
16926
16910
16910
16907
16907
16902
16902
16901
16898
16893
16889
16887
16885
16881
16874
16864
16859
16858
16854
16850
16840
16840
16837
16837
16834
16834
16832
16831
16826
16822
16820
16817
16817
16809
16806
16801
16791
16789
16781
16777
16767
16761
16761
16755
16748
16747
16746
16743
16741
16741
16730
16730
16726
16724
16722
16720
16720
16717
16716
16716
16715
16711
16706
16706
16699
16689
16686
16680
16674
16672
16668
16665
16659
16657
16652
16652
16652
16647
16643
16643
16639
16638
16631
16630
16629
16623
16623
16618
16615
16612
16610
16610
16609
16608
16607
16604
16599
16599
16596
16590
16589
16583
16582
16579
16578
16577
16573
16569
16564
16561
16561
16558
16557
16555
16552
16549
16541
16538
16536
16530
16523
16515
16513
16512
16509
16508
16507
16498
16497
16494
16493
16490
16490
16490
16489
16480
16470
16469
16468
16466
16464
16463
16463
16462
16459
16459
16458
16454
16452
16451
16449
16449
16444
16443
16433
16429
16427
16418
16416
16415
16398
16389
16387
16386
16381
16375
16374
16372
16363
16360
16352
16351
16351
16349
16343
16343
16342
16337
16335
16328
16326
16325
16320
16315
16310
16304
16304
16300
16295
16279
16278
16277
16276
16270
16270
16267
16263
16261
16259
16257
16255
16253
16252
16252
16248
16248
16236
16231
16228
16226
16217
16217
16217
16212
16209
16208
16208
16207
16202
16196
16171
16170
16170
16169
16163
16159
16154
16153
16151
16149
16142
16137
16133
16129
16127
16127
16124
16124
16123
16119
16118
16117
16116
16116
16110
16108
16108
16107
16105
16105
16099
16082
16081
16077
16075
16071
16064
16064
16050
16033
16028
16026
16025
16024
16023
16021
16019
16019
16018
16016
16015
16012
16010
16010
16001
16001
15999
15997
15995
15993
15990
15990
15986
15986
15978
15977
15971
15968
15963
15959
15959
15943
15941
15929
15925
15925
15924
15920
15918
15909
15908
15904
15903
15895
15894
15879
15876
15873
15869
15869
15869
15868
15866
15866
15864
15863
15859
15857
15854
15852
15852
15850
15840
15837
15836
15834
15833
15831
15818
15815
15814
15813
15810
15810
15802
15791
15789
15789
15785
15783
15781
15779
15776
15767
15766
15764
15763
15757
15749
15742
15741
15741
15737
15735
15733
15732
15731
15723
15717
15714
15712
15708
15704
15703
15702
15702
15692
15691
15687
15684
15677
15676
15672
15666
15661
15657
15655
15651
15650
15646
15641
15640
15639
15638
15634
15632
15629
15629
15624
15622
15618
15613
15612
15612
15609
15603
15602
15601
15601
15597
15594
15590
15584
15583
15580
15573
15571
15566
15557
15550
15550
15544
15543
15541
15536
15529
15528
15527
15521
15520
15516
15509
15508
15505
15498
15493
15491
15485
15485
15483
15474
15473
15471
15470
15469
15468
15466
15459
15456
15455
15454
15453
15450
15450
15448
15444
15443
15439
15437
15437
15430
15429
15429
15426
15425
15419
15416
15414
15413
15388
15383
15345
15344
15339
15336
15325
15317
15313
15308
15272
15267
15255
15255
15248
15247
15243
15234
15228
15217
15420
15397
15391
15358
15354
15339
15323
15321
15317
15308
15306
15300
15298
15294
15292
15283
15280
15268
15253
15243
15241
15222
15216
15214
15212
15211
15208
15207
15206
15196
15195
15195
15195
15194
15191
15187
15185
15184
15184
15180
15180
15177
15176
15173
15172
15171
15171
15171
15170
15170
15169
15164
15150
15149
15144
15143
15139
15137
15133
15130
15121
15109
15108
15107
15101
15101
15090
15090
15079
15078
15074
15073
15066
15063
15061
15061
15057
15055
15055
15053
15049
15042
15040
15037
15033
15030
15027
15024
15020
15017
15014
15012
15008
15003
14995
14994
14992
14991
14989
14986
14981
14978
14976
14975
14973
14971
14971
14969
14969
14969
14968
14963
14959
14956
14953
14950
14942
14942
14941
14941
14939
14938
14934
14934
14927
14926
14926
14925
14920
14914
14903
14898
14896
14888
14885
14883
14877
14876
14875
14874
14873
14868
14868
14858
14853
14846
14844
14841
14835
14834
14833
14830
14823
14822
14820
14818
14817
14812
14805
14804
14801
14798
14795
14792
14789
14785
14776
14771
14761
14761
14759
14758
14757
14756
14754
14744
14728
14724
14724
14721
14720
14719
14715
14709
14709
14709
14707
14706
14705
14703
14702
14702
14697
14696
14694
14691
14686
14679
14676
14669
14667
14663
14662
14662
14661
14660
14658
14658
14656
14652
14649
14646
14645
14644
14636
14636
14634
14630
14623
14621
14621
14619
14616
14615
14612
14604
14602
14601
14594
14593
14593
14585
14583
14582
14580
14580
14578
14574
14564
14559
14549
14549
14547
14545
14545
14539
14537
14536
14530
14521
14513
14513
14509
14507
14506
14504
14504
14503
14501
14500
14495
14486
14486
14483
14482
14479
14473
14472
14469
14468
14459
14459
14456
14448
14448
14443
14437
14436
14435
14425
14424
14418
14415
14408
14408
14403
14403
14403
14402
14400
14389
14377
14374
14371
14367
14365
14365
14364
14362
14357
14357
14356
14354
14353
14353
14349
14343
14341
14334
14332
14330
14329
14325
14325
14324
14323
14317
14315
14309
14308
14299
14294
14290
14290
14289
14287
14285
14282
14276
14272
14271
14270
14269
14255
14254
14250
14246
14243
14242
14241
14241
14238
14235
14230
14217
14217
14215
14214
14214
14210
14208
14203
14200
14198
14195
14192
14180
14164
14162
14157
14156
14153
14152
14152
14147
14143
14143
14136
14133
14133
14132
14129
14127
14126
14123
14121
14111
14105
14103
14098
14096
14093
14093
14081
14079
14076
14065
14063
14061
14055
14055
14052
14048
14045
14038
14038
14033
14015
14014
14013
14008
14008
14008
14003
14002
14000
13999
13995
13994
13992
13991
13990
13989
13987
13986
13979
13979
13978
13974
13972
13967
13966
13965
13964
13957
13951
13950
13945
13943
13941
13938
13937
13931
13923
13922
13919
13913
13907
13906
13906
13902
13900
13898
13896
13890
13886
13880
13872
13870
13865
13862
13860
13858
13855
13851
13851
13849
13846
13838
13836
13833
13833
13833
13833
13832
13831
13830
13829
13827
13824
13817
13812
13812
13811
13808
13806
13803
13797
13794
13790
13788
13786
13786
13783
13782
13780
13773
13772
13772
13770
13767
13760
13759
13754
13746
13742
13732
13732
13727
13723
13722
13716
13714
13701
13699
13690
13688
13686
13683
13681
13676
13676
13672
13665
13663
13656
13642
13618
13614
13610
13608
13605
13580
13575
13575
13556
13552
13549
13547
13543
13525
13514
13512
13502
13501
13484
13471
13467
13466
13457
13455
13680
13664
13657
13657
13655
13643
13632
13621
13621
13617
13616
13608
13606
13605
13603
13593
13580
13575
13574
13570
13567
13567
13537
13526
13517
13508
13494
13485
13481
13453
13453
13452
13448
13442
13442
13441
13440
13438
13436
13432
13430
13427
13425
13424
13424
13421
13421
13416
13416
13410
13409
13408
13407
13401
13399
13398
13383
13381
13378
13378
13378
13376
13374
13368
13365
13361
13358
13356
13355
13351
13342
13342
13338
13338
13334
13324
13322
13320
13320
13319
13318
13316
13309
13303
13301
13297
13291
13289
13289
13286
13285
13285
13276
13272
13271
13266
13263
13252
13250
13250
13248
13247
13242
13234
13227
13227
13226
13221
13212
13209
13199
13198
13197
13189
13189
13188
13178
13178
13177
13176
13172
13172
13170
13168
13166
13164
13164
13160
13158
13150
13138
13137
13135
13129
13127
13125
13114
13110
13107
13107
13104
13103
13103
13101
13092
13088
13087
13081
13081
13078
13078
13075
13072
13071
13066
13059
13035
13035
13032
13031
13029
13021
13019
13013
13010
13009
13005
12998
12998
12992
12985
12984
12984
12983
12977
12975
12974
12973
12963
12960
12955
12954
12951
12951
12948
12947
12943
12941
12934
12930
12928
12926
12926
12923
12922
12922
12919
12911
12905
12904
12901
12901
12899
12898
12889
12879
12876
12872
12869
12864
12860
12858
12857
12849
12847
12843
12840
12839
12838
12837
12837
12833
12832
12831
12830
12830
12829
12817
12816
12813
12807
12794
12789
12782
12781
12779
12778
12778
12776
12775
12762
12761
12759
12757
12754
12754
12748
12748
12748
12747
12740
12736
12736
12732
12731
12728
12722
12721
12720
12717
12716
12716
12714
12712
12710
12706
12704
12704
12703
12702
12692
12689
12685
12680
12680
12675
12675
12673
12668
12665
12663
12663
12658
12656
12654
12653
12653
12648
12647
12645
12641
12641
12639
12632
12629
12628
12628
12626
12613
12612
12609
12604
12602
12596
12588
12587
12586
12580
12580
12578
12576
12572
12568
12566
12565
12562
12562
12557
12555
12554
12545
12544
12542
12539
12537
12536
12536
12533
12532
12531
12531
12527
12524
12518
12516
12514
12502
12500
12499
12496
12485
12479
12478
12458
12455
12452
12451
12447
12442
12440
12435
12433
12432
12422
12419
12415
12406
12405
12390
12386
12385
12382
12382
12377
12375
12371
12366
12363
12363
12362
12350
12348
12343
12343
12339
12339
12339
12335
12334
12333
12324
12318
12317
12316
12314
12311
12311
12308
12293
12291
12287
12286
12282
12274
12273
12268
12268
12266
12264
12261
12260
12259
12256
12253
12253
12249
12246
12242
12229
12225
12218
12213
12212
12210
12208
12207
12201
12200
12199
12196
12194
12193
12188
12185
12183
12182
12179
12176
12176
12162
12149
12146
12140
12139
12134
12134
12130
12129
12129
12128
12122
12112
12112
12110
12105
12104
12104
12101
12099
12098
12094
12090
12086
12083
12074
12073
12070
12064
12063
12061
12059
12058
12058
12052
12041
12036
12034
12034
12029
12028
12025
12024
12022
12022
12018
12016
12016
12011
12010
12009
12006
12005
12003
12003
11995
11990
11990
11984
11984
11980
11966
11965
11964
11956
11956
11954
11948
11948
11945
11943
11941
11940
11940
11934
11930
11925
11918
11917
11916
11916
11903
11898
11896
11896
11896
11890
11886
11885
11884
11882
11880
11879
11878
11877
11877
11868
11868
11861
11860
11855
11853
11847
11842
11839
11839
11836
11836
11830
11829
11819
11815
11814
11813
11805
11803
11802
11795
11784
11778
11777
11774
11765
11765
11765
11764
11763
11759
11757
11752
11752
11751
11749
11745
11744
11743
11743
11742
11742
11736
11735
11728
11726
11726
11724
11722
11721
11721
11715
11714
11708
11705
11694
11691
11687
11686
11686
11676
11675
11674
11673
11660
11659
11657
11652
11649
11643
11643
11642
11636
11633
11628
11627
11622
11621
11611
11606
11602
11602
11600
11598
11597
11593
11588
11587
11584
11582
11582
11580
11577
11570
11567
11564
11563
11562
11554
11549
11547
11544
11534
11532
11521
11520
11518
11517
11511
11508
11508
11507
11502
11502
11500
11500
11493
11492
11492
11490
11488
11483
11482
11479
11477
11476
11475
11475
11465
11459
11454
11452
11436
11432
11431
11429
11425
11424
11423
11421
11419
11415
11412
11410
11410
11403
11403
11399
11396
11394
11393
11393
11390
11389
11379
11376
11370
11370
11369
11364
11364
11360
11357
11355
11354
11351
11347
11345
11345
11340
11338
11336
11333
11332
11324
11320
11319
11316
11315
11315
11310
11309
11305
11304
11301
11298
11290
11286
11282
11281
11275
11275
11272
11268
11248
11248
11246
11243
11243
11240
11233
11232
11231
11224
11219
11219
11213
11211
11210
11208
11205
11204
11201
11196
11187
11186
11185
11180
11177
11172
11172
11168
11163
11162
11157
11156
11155
11155
11153
11152
11144
11143
11143
11142
11132
11130
11130
11128
11127
11126
11123
11123
11122
11120
11119
11117
11112
11110
11109
11108
11107
11102
11094
11087
11080
11079
11078
11073
11072
11071
11064
11062
11059
11058
11056
11056
11054
11054
11050
11040
11033
11032
11030
11029
11028
11026
11023
11021
11016
11015
11004
11003
11002
11001
11000
11000
11000
10998
10990
10979
10969
10969
10968
10963
10960
10950
10941
10939
10934
10933
10918
10913
10910
10906
10895
10890
10885
10882
10875
10872
10869
10864
10861
10860
10853
10853
10845
10825
10825
10819
10810
10803
10801
10797
10796
10796
10794
10793
10781
10773
10766
10757
10755
10754
10752
10750
10749
10744
10741
10730
10723
10723
10716
10714
10711
10709
10708
10708
10705
10699
10698
10697
10696
10695
10691
10686
10683
10681
10681
10677
10677
10670
10666
10643
10640
10639
10638
10637
10631
10628
10627
10623
10615
10615
10615
10613
10609
10608
10602
10598
10598
10593
10586
10586
10586
10585
10583
10582
10579
10569
10566
10561
10560
10558
10553
10545
10544
10544
10540
10534
10531
10530
10524
10520
10519
10512
10510
10508
10505
10505
10503
10501
10501
10500
10500
10496
10489
10488
10485
10485
10478
10477
10472
10472
10471
10468
10466
10466
10463
10461
10460
10457
10454
10449
10447
10446
10444
10443
10441
10436
10432
10428
10419
10419
10418
10416
10415
10408
10407
10406
10398
10396
10395
10392
10391
10390
10388
10387
10385
10380
10376
10375
10375
10364
10363
10363
10362
10358
10356
10355
10354
10353
10350
10347
10347
10344
10338
10336
10333
10330
10325
10322
10321
10321
10316
10311
10303
10294
10294
10290
10290
10287
10283
10283
10282
10277
10277
10270
10270
10268
10265
10251
10251
10247
10246
10245
10228
10224
10222
10220
10217
10215
10211
10210
10195
10195
10188
10185
10184
10180
10178
10176
10174
10174
10164
10161
10158
10151
10150
10150
10148
10142
10141
10141
10135
10132
10131
10126
10125
10120
10119
10116
10112
10109
10109
10101
10097
10093
10087
10084
10079
10078
10076
10075
10069
10066
10066
10063
10062
10060
10058
10058
10058
10057
10054
10054
10054
10053
10052
10043
10041
10039
10039
10038
10036
10031
10026
10022
10020
10014
10006
9995
9987
9985
9984
9980
9980
9980
9980
9975
9974
9973
9972
9970
9970
9963
9963
9955
9955
9950
9945
9928
9924
9922
9916
9914
9913
9912
9908
9903
9903
9903
9899
9898
9898
9896
9894
9889
9884
9876
9874
9870
9865
9864
9863
9855
9850
9844
9841
9838
9837
9833
9832
9831
9829
9828
9827
9820
9816
9816
9814
9808
9807
9803
9802
9802
9801
9790
9789
9787
9784
9781
9779
9771
9770
9766
9765
9761
9756
9747
9745
9742
9728
9727
9727
9726
9726
9723
9717
9717
9715
9715
9710
9701
9698
9694
9689
9688
9687
9685
9683
9677
9673
9672
9662
9662
9659
9647
9646
9643
9643
9640
9640
9637
9634
9631
9629
9628
9626
9625
9623
9621
9620
9609
9609
9608
9598
9594
9592
9589
9589
9585
9584
9583
9582
9578
9578
9576
9568
9568
9559
9556
9556
9556
9551
9548
9546
9540
9539
9535
9532
9524
9524
9523
9523
9521
9513
9513
9507
9507
9505
9503
9503
9499
9499
9496
9494
9493
9490
9488
9485
9483
9481
9480
9474
9473
9473
9472
9466
9463
9458
9454
9451
9449
9438
9436
9431
9431
9425
9425
9411
9408
9407
9399
9398
9393
9392
9391
9390
9389
9382
9378
9377
9360
9356
9354
9350
9348
9347
9345
9341
9337
9334
9324
9322
9313
9307
9306
9300
9299
9299
9295
9295
9291
9282
9277
9275
9275
9273
9261
9260
9256
9250
9243
9242
9240
9239
9236
9233
9224
9222
9213
9209
9205
9196
9193
9192
9185
9182
9172
9171
9162
9156
9154
9154
9152
9151
9150
9150
9145
9141
9140
9138
9138
9137
9131
9131
9124
9119
9119
9110
9107
9104
9099
9090
9086
9084
9082
9079
9075
9071
9071
9062
9058
9054
9053
9051
9050
9048
9048
9040
9036
9028
9027
9023
9015
9014
9009
9008
9007
9006
9005
9003
9003
9002
8992
8989
8985
8983
8979
8971
8968
8967
8967
8966
8966
8965
8953
8950
8946
8945
8935
8933
8927
8925
8924
8920
8916
8914
8913
8910
8908
8908
8907
8905
8894
8887
8887
8884
8884
8869
8868
8862
8845
8840
8837
8835
8835
8834
8832
8823
8818
8815
8812
8797
8796
8793
8791
8787
8779
8770
8769
8768
8766
8765
8764
8759
8759
8758
8757
8756
8753
8751
8751
8749
8748
8743
8728
8728
8725
8724
8723
8721
8715
8709
8706
8706
8704
8703
8700
8697
8693
8693
8688
8687
8683
8682
8681
8680
8679
8670
8669
8669
8663
8662
8660
8653
8653
8651
8636
8632
8627
8625
8622
8622
8621
8621
8620
8619
8619
8616
8610
8610
8607
8604
8602
8596
8596
8595
8595
8594
8593
8591
8587
8584
8583
8579
8578
8569
8565
8564
8563
8559
8559
8555
8555
8550
8550
8541
8534
8530
8529
8524
8524
8523
8519
8518
8518
8517
8516
8514
8508
8506
8498
8491
8490
8479
8479
8475
8474
8469
8464
8460
8457
8456
8446
8446
8443
8438
8432
8427
8424
8418
8415
8415
8414
8413
8409
8409
8409
8408
8405
8401
8397
8395
8389
8387
8382
8380
8376
8374
8370
8367
8366
8363
8363
8363
8357
8353
8353
8351
8346
8336
8334
8334
8321
8320
8317
8315
8313
8313
8312
8308
8304
8301
8301
8298
8297
8295
8294
8286
8285
8275
8274
8272
8270
8266
8263
8263
8261
8260
8256
8255
8251
8249
8234
8233
8223
8221
8219
8218
8214
8213
8212
8210
8206
8206
8201
8198
8190
8185
8184
8184
8180
8180
8180
8180
8178
8177
8166
8165
8161
8154
8150
8148
8147
8145
8142
8141
8140
8140
8135
8135
8133
8131
8128
8126
8124
8119
8118
8115
8109
8107
8102
8101
8098
8098
8096
8093
8093
8088
8087
8086
8079
8076
8074
8070
8062
8058
8055
8042
8039
8039
8035
8028
8027
8025
8024
8019
8012
8005
8004
7999
7987
7987
7974
7974
7973
7971
7966
7963
7963
7961
7960
7957
7957
7953
7951
7951
7947
7944
7941
7928
7926
7925
7921
7920
7919
7916
7914
7914
7914
7910
7908
7907
7903
7897
7896
7892
7891
7888
7888
7887
7880
7879
7878
7877
7874
7872
7872
7866
7865
7862
7861
7858
7850
7845
7840
7840
7837
7837
7836
7833
7831
7830
7830
7821
7818
7813
7809
7802
7794
7788
7784
7784
7778
7776
7774
7773
7772
7756
7753
7745
7741
7736
7731
7729
7723
7719
7711
7710
7709
7708
7705
7703
7699
7697
7696
7690
7690
7690
7689
7686
7685
7685
7679
7671
7670
7660
7660
7659
7658
7656
7645
7644
7644
7639
7635
7634
7630
7627
7627
7627
7623
7622
7617
7609
7608
7607
7606
7601
7599
7597
7596
7594
7591
7586
7576
7576
7574
7573
7565
7561
7561
7559
7558
7555
7555
7551
7549
7549
7549
7543
7538
7531
7529
7529
7526
7523
7519
7519
7515
7511
7506
7506
7504
7502
7491
7490
7489
7487
7482
7479
7476
7476
7475
7469
7463
7459
7455
7446
7440
7438
7436
7436
7435
7433
7431
7428
7427
7422
7422
7417
7413
7402
7397
7396
7396
7386
7386
7384
7381
7379
7374
7372
7372
7369
7369
7368
7368
7365
7364
7362
7361
7360
7352
7351
7350
7347
7340
7334
7333
7330
7327
7326
7324
7318
7314
7312
7305
7303
7302
7301
7286
7264
7263
7258
7253
7253
7252
7252
7249
7247
7247
7246
7243
7236
7227
7221
7219
7214
7210
7210
7207
7206
7205
7203
7201
7200
7196
7195
7184
7183
7178
7173
7171
7168
7168
7166
7160
7152
7150
7143
7142
7132
7131
7127
7126
7125
7125
7122
7121
7121
7121
7113
7103
7094
7092
7089
7081
7077
7076
7076
7069
7068
7063
7063
7062
7058
7055
7054
7051
7048
7047
7044
7041
7038
7034
7033
7032
7030
7029
7028
7027
7025
7023
7022
7018
7017
7010
6998
6994
6987
6983
6982
6975
6967
6959
6957
6953
6951
6950
6948
6948
6943
6943
6939
6937
6937
6923
6920
6915
6914
6912
6909
6905
6905
6902
6897
6884
6883
6880
6879
6872
6868
6867
6865
6861
6861
6842
6825
6823
6822
6820
6818
6814
6813
6813
6802
6801
6793
6790
6790
6781
6781
6779
6767
6767
6765
6764
6764
6752
6751
6748
6746
6744
6743
6741
6741
6740
6735
6731
6731
6731
6728
6723
6722
6721
6719
6717
6717
6715
6713
6711
6709
6708
6698
6697
6685
6684
6682
6680
6677
6675
6664
6659
6658
6657
6648
6646
6645
6642
6633
6623
6623
6622
6621
6620
6618
6615
6610
6606
6605
6603
6598
6596
6590
6587
6587
6587
6586
6580
6575
6573
6566
6564
6563
6562
6561
6560
6551
6546
6545
6545
6545
6539
6535
6534
6532
6531
6529
6521
6521
6518
6517
6513
6506
6505
6501
6500
6495
6494
6490
6486
6479
6466
6462
6459
6452
6443
6441
6439
6430
6423
6420
6415
6508
6507
6507
6497
6494
6490
6485
6473
6466
6458
6457
6450
6447
6443
6438
6435
6430
6422
6417
6406
6406
6398
6398
6397
6390
6384
6380
6380
6370
6362
6362
6362
6362
6356
6351
6347
6344
6343
6339
6339
6329
6326
6325
6324
6324
6317
6308
6307
6297
6295
6293
6290
6273
6272
6267
6255
6243
6240
6234
6234
6233
6228
6225
6223
6222
6219
6219
6213
6211
6203
6200
6194
6194
6193
6186
6177
6174
6170
6164
6150
6150
6146
6142
6141
6139
6138
6137
6135
6131
6127
6125
6124
6124
6119
6117
6115
6112
6112
6106
6106
6100
6100
6095
6095
6088
6086
6086
6085
6085
6081
6079
6076
6072
6070
6061
6060
6059
6057
6056
6055
6049
6045
6044
6032
6024
6022
6020
6016
6014
6008
6002
5993
5992
5982
5978
5965
5961
5959
5958
5955
5955
5954
5951
5939
5937
5934
5932
5930
5929
5927
5925
5925
5919
5918
5909
5895
5890
5889
5887
5885
5885
5884
5884
5882
5879
5877
5876
5876
5869
5867
5866
5865
5849
5845
5840
5833
5833
5829
5828
5827
5824
5824
5817
5813
5809
5807
5802
5796
5795
5795
5791
5791
5788
5783
5781
5765
5765
5762
5758
5756
5755
5751
5751
5744
5741
5741
5737
5731
5730
5719
5719
5718
5717
5715
5714
5705
5696
5690
5689
5689
5689
5680
5676
5673
5667
5665
5662
5662
5661
5659
5659
5658
5650
5644
5639
5637
5634
5634
5630
5630
5629
5629
5620
5616
5615
5614
5614
5612
5611
5611
5597
5590
5588
5587
5586
5574
5567
5564
5553
5552
5548
5545
5542
5542
5525
5524
5522
5521
5519
5519
5519
5517
5515
5515
5509
5504
5502
5499
5499
5497
5491
5484
5478
5478
5478
5466
5463
5458
5453
5453
5453
5448
5444
5442
5439
5429
5428
5407
5399
5398
5398
5394
5394
5393
5392
5389
5387
5386
5385
5383
5383
5383
5379
5379
5376
5371
5371
5369
5367
5365
5363
5361
5357
5356
5354
5351
5349
5348
5347
5343
5342
5340
5340
5340
5340
5338
5337
5337
5335
5334
5333
5326
5299
5297
5296
5294
5290
5289
5286
5286
5284
5284
5280
5278
5277
5272
5272
5269
5268
5268
5268
5265
5254
5252
5252
5244
5242
5242
5239
5233
5229
5216
5215
5214
5210
5193
5192
5189
5189
5184
5182
5181
5174
5173
5166
5159
5155
5153
5153
5151
5145
5140
5135
5135
5128
5127
5126
5125
5120
5116
5114
5111
5111
5110
5103
5101
5100
5100
5094
5093
5089
5087
5082
5074
5073
5072
5068
5058
5058
5056
5056
5051
5050
5045
5035
5032
5031
5028
5028
5024
5023
5019
5012
5011
5011
5009
5009
5002
4999
4996
4995
4993
4993
4988
4981
4977
4973
4970
4969
4967
4967
4966
4958
4954
4953
4952
4949
4948
4947
4941
4935
4929
4923
4918
4909
4907
4907
4905
4898
4897
4892
4889
4887
4887
4887
4877
4877
4864
4863
4858
4855
4855
4854
4852
4852
4851
4847
4846
4846
4844
4843
4842
4838
4833
4832
4828
4826
4825
4823
4818
4817
4813
4810
4809
4802
4799
4794
4794
4790
4789
4789
4785
4785
4784
4782
4780
4779
4775
4773
4763
4760
4752
4751
4751
4747
4745
4741
4741
4740
4726
4721
4720
4719
4713
4711
4709
4702
4701
4697
4694
4694
4688
4687
4682
4682
4681
4680
4679
4657
4657
4654
4652
4649
4649
4648
4644
4643
4643
4641
4641
4634
4632
4628
4625
4620
4619
4616
4613
4612
4608
4607
4603
4602
4597
4587
4587
4582
4578
4577
4575
4574
4570
4569
4554
4553
4552
4546
4542
4537
4536
4535
4524
4519
4516
4515
4508
4499
4495
4494
4489
4488
4487
4486
4476
4475
4471
4469
4466
4463
4453
4453
4448
4443
4437
4432
4431
4425
4423
4418
4409
4408
4407
4406
4402
4401
4398
4397
4397
4390
4380
4374
4373
4371
4370
4370
4369
4365
4360
4352
4336
4335
4332
4330
4328
4326
4326
4324
4322
4320
4315
4312
4310
4300
4293
4291
4285
4281
4279
4277
4274
4269
4269
4268
4261
4259
4258
4252
4250
4249
4246
4243
4242
4242
4242
4238
4238
4234
4234
4228
4228
4220
4219
4210
4210
4194
4193
4192
4191
4190
4189
4183
4182
4179
4170
4166
4164
4162
4156
4148
4147
4143
4139
4136
4136
4133
4133
4131
4128
4127
4124
4120
4113
4109
4108
4108
4106
4103
4102
4102
4094
4089
4088
4081
4077
4075
4070
4064
4060
4055
4053
4049
4048
4044
4043
4041
4039
4035
4033
4027
4025
4020
4017
4013
4012
3992
3976
3975
3975
3974
3973
3973
3970
3964
3961
3961
3958
3957
3955
3954
3949
3947
3947
3945
3940
3936
3936
3931
3931
3929
3925
3913
3910
3905
3900
3900
3895
3893
3890
3889
3879
3877
3876
3863
3861
3857
3853
3851
3847
3842
3841
3836
3833
3832
3831
3830
3827
3826
3823
3823
3822
3822
3816
3814
3805
3800
3800
3796
3790
3789
3784
3779
3773
3760
3754
3751
3743
3742
3734
3730
3726
3724
3717
3717
3709
3707
3706
3701
3700
3699
3699
3696
3691
3690
3689
3676
3674
3674
3673
3673
3671
3670
3666
3663
3661
3660
3652
3651
3643
3640
3638
3637
3636
3629
3626
3623
3623
3620
3620
3618
3617
3612
3605
3597
3595
3592
3589
3583
3580
3579
3578
3577
3576
3575
3564
3557
3554
3553
3552
3539
3534
3533
3527
3520
3510
3502
3502
3496
3495
3491
3491
3489
3488
3487
3485
3479
3477
3472
3469
3468
3468
3465
3464
3462
3461
3457
3456
3448
3442
3435
3433
3428
3424
3423
3417
3417
3404
3395
3395
3390
3386
3385
3381
3375
3372
3371
3367
3364
3363
3361
3360
3348
3347
3345
3344
3341
3340
3335
3331
3328
3327
3324
3324
3315
3312
3308
3294
3293
3293
3290
3289
3284
3280
3278
3278
3265
3265
3264
3264
3257
3256
3255
3252
3246
3245
3231
3231
3226
3222
3217
3216
3214
3214
3213
3212
3203
3201
3195
3191
3191
3185
3184
3183
3180
3174
3173
3164
3162
3161
3154
3149
3147
3145
3140
3140
3137
3136
3135
3135
3134
3133
3130
3129
3129
3126
3123
3123
3121
3109
3105
3100
3099
3098
3091
3086
3083
3083
3081
3079
3076
3069
3068
3067
3062
3059
3058
3050
3044
3044
3042
3038
3035
3034
3027
3019
3014
3014
3013
3007
3006
3005
3004
2999
2991
2990
2986
2986
2985
2983
2982
2975
2971
2960
2951
2947
2940
2939
2917
2916
2910
2907
2903
2901
2898
2893
2893
2893
2886
2885
2871
2862
2859
2858
2857
2857
2855
2854
2850
2845
2845
2838
2837
2837
2832
2826
2825
2824
2824
2821
2821
2820
2812
2812
2805
2798
2797
2790
2776
2773
2773
2770
2768
2761
2761
2758
2753
2752
2742
2727
2725
2722
2721
2718
2716
2709
2705
2703
2703
2701
2700
2698
2697
2694
2691
2691
2691
2681
2676
2675
2673
2667
2660
2659
2655
2654
2651
2646
2642
2641
2641
2640
2637
2623
2622
2620
2619
2618
2617
2613
2608
2607
2607
2601
2600
2599
2598
2595
2595
2592
2591
2588
2586
2582
2566
2562
2561
2560
2557
2550
2550
2547
2542
2536
2530
2527
2526
2521
2519
2519
2514
2513
2503
2499
2491
2490
2489
2487
2484
2483
2482
2480
2462
2460
2457
2457
2456
2451
2451
2448
2446
2434
2432
2430
2427
2425
2424
2422
2420
2418
2418
2414
2412
2409
2408
2406
2403
2402
2399
2393
2393
2378
2378
2376
2374
2369
2362
2357
2354
2353
2351
2350
2350
2340
2334
2325
2324
2316
2298
2298
2290
2289
2280
2275
2274
2272
2271
2270
2265
2264
2262
2255
2255
2249
2235
2234
2229
2215
2211
2208
2208
2201
2200
2200
2192
2189
2180
2179
2170
2169
2167
2165
2161
2157
2149
2149
2144
2143
2143
2142
2133
2131
2119
2116
2109
2101
2090
2075
2073
2072
2071
2063
2063
2062
2061
2053
2050
2047
2039
2039
2038
2036
2033
2032
2032
2020
2020
2015
2007
2007
1999
1992
1992
1990
1984
1976
1976
1975
1971
1968
1957
1956
1953
1953
1949
1943
1940
1939
1925
1925
1915
1914
1909
1908
1906
1901
1899
1890
1886
1877
1874
1872
1870
1862
1860
1860
1860
1859
1854
1851
1841
1833
1832
1828
1827
1825
1825
1824
1821
1815
1814
1812
1811
1811
1809
1807
1804
1802
1801
1799
1795
1794
1793
1791
1790
1784
1783
1780
1778
1775
1767
1766
1760
1746
1744
1730
1726
1724
1717
1716
1711
1707
1705
1695
1689
1686
1681
1679
1654
1652
1649
1649
1620
1620
1613
1608
1607
1607
1601
1595
1591
1582
1582
1570
1556
1551
1543
1526
1520
1515
1503
1496
1484
1482
1481
1459
1452
1449
1448
1440
1439
1431
1421
1416
1412
1408
1404
1392
1384
1767
1767
1762
1759
1751
1742
1741
1727
1724
1716
1706
1706
1701
1687
1686
1681
1679
1678
1678
1674
1672
1663
1648
1644
1640
1629
1617
1617
1609
1589
1586
1579
1578
1574
1571
1570
1550
1550
1547
1538
1528
1521
1510
1488
1482
1480
1469
1456
1450
1446
1426
1425
1421
1419
1416
1409
1402
1393
1382
1376
1375
1373
1370
1361
1354
1349
1344
1343
1343
1336
1327
1321
1321
1319
1312
1309
1307
1304
1298
1293
1293
1291
1289
1289
1278
1274
1269
1267
1266
1265
1264
1256
1253
1252
1250
1250
1245
1240
1233
1225
1223
1218
1216
1215
1208
1203
1196
1195
1192
1191
1189
1189
1187
1185
1183
1183
1181
1181
1180
1180
1177
1177
1175
1170
1169
1166
1164
1163
1156
1154
1151
1146
1140
1137
1137
1136
1134
1128
1123
1116
1109
1102
1096
1096
1088
1088
1086
1084
1082
1080
1077
1076
1074
1071
1070
1070
1063
1060
1056
1053
1052
1051
1050
1048
1035
1034
1027
1026
1023
1021
1018
1017
1012
1012
1009
1009
1007
984
980
968
968
966
966
966
961
959
956
956
950
949
945
943
924
920
919
914
903
898
892
892
891
890
889
886
870
868
862
858
851
843
841
839
839
837
829
828
826
825
824
818
816
813
813
812
804
803
800
799
790
785
783
781
780
780
780
773
769
765
764
763
763
762
759
757
756
755
755
754
754
754
753
752
749
747
745
744
744
744
743
743
742
741
741
740
738
737
737
735
733
732
730
730
727
726
725
718
717
714
712
712
711
711
706
706
705
702
699
699
699
697
695
693
693
693
691
688
687
684
681
678
678
677
676
675
674
671
670
669
669
665
664
660
657
656
655
655
653
652
641
638
637
626
626
625
625
624
621
619
618
617
613
611
609
606
605
597
597
594
594
590
588
587
586
583
576
574
574
566
564
563
560
560
558
552
551
550
549
548
548
548
544
543
539
539
538
528
526
526
524
524
522
521
521
514
513
511
511
511
508
507
506
505
505
505
503
500
499
499
496
496
495
493
490
487
486
486
483
481
480
479
477
476
474
474
473
471
471
468
467
466
465
464
462
458
457
453
453
451
450
450
448
446
444
443
441
440
439
439
438
437
437
437
435
432
431
430
429
429
427
424
424
423
417
417
417
416
415
415
413
413
411
408
408
407
405
404
404
401
401
400
398
397
397
396
394
390
390
388
387
386
385
381
381
379
378
377
377
372
363
362
362
362
360
359
359
357
350
345
335
333
327
322
316
308
299
298
295
292
292
290
359
358
347
344
342
338
338
334
332
328
325
321
319
319
318
316
303
296
290
284
284
283
282
279
278
277
275
275
273
270
269
268
261
248
237
235
234
232
230
230
284
283
280
280
280
279
277
273
271
267
260
256
254
253
250
248
242
241
239
230
230
229
227
227
226
226
224
220
217
213
213
210
208
205
204
203
202
202
200
199
197
197
196
196
196
192
191
190
189
188
187
186
186
184
181
177
176
173
172
172
170
169
167
159
154
153
152
151
151
149
148
148
147
144
141
140
137
135
133
133
133
132
132
131
130
130
129
128
128
126
117
115
115
114
113
113
112
110
108
108
107
106
106
106
97
97
96
92
90
89
87
84
84
82
82
80
80
80
78
76
76
75
75
75
75
74
74
73
73
66
65
63
62
59
58
57
53
49
47
46
46
46
43
41
41
39
38
37
37
33
29
28
28
26
24
18
15
14
8
7
5
4
4
2
1
