29109
25928
8408
4603
24333
12954
29462
230
16277
16217
28695
4720
665
9646
27691
10803
18577
73
9239
17268
16893
10418
9494
22547
22931
3290
30237
29115
22172
26358
26211
20061
15516
13453
9505
10461
16689
25039
1686
31243
22845
12840
6735
17876
8519
5909
30373
18618
9503
26935
23943
6529
19137
14246
7802
4907
25724
8583
23005
6951
11860
28129
2418
6086
15012
21932
29210
10990
4616
13355
25312
1298
2681
4476
25913
25697
6586
15214
17034
5182
9972
24722
747
241
8093
24981
18731
13212
21405
19660
12308
19056
23732
14353
3312
16672
5398
27854
15180
7574
24921
6743
22011
21734
20881
637
350
31872
23994
21600
10979
7081
16726
10628
25036
12588
14934
22823
11570
16716
12094
5586
841
765
133
2351
17893
27477
2362
25114
26685
27198
4846
2298
8687
17261
16589
28242
21317
151
13838
10131
438
4578
31630
20021
31665
17818
26807
21765
18070
26661
5031
18369
4612
8249
3214
10466
89
23372
26712
25017
5239
24140
24205
30909
31941
20113
372
548
29559
18192
16255
431
270
19921
28899
7372
1570
15779
19591
4055
1375
30734
12576
29120
20174
29577
18329
25299
28757
31213
6072
23506
3970
11050
20479
26184
4228
6200
17616
12058
11898
2641
27349
10079
26865
19038
20639
10097
27303
31919
23437
18500
19861
25838
19440
26359
24621
9814
19564
1705
20449
21536
4258
1166
23780
26174
18187
21058
31540
26188
25127
10845
1240
26820
31960
29511
24934
9841
24072
17486
18121
18982
24466
16629
30529
18095
15456
16015
8363
18696
2513
26637
16643
6861
24669
21525
13351
2290
30587
16724
20190
8884
14530
27924
11032
25807
3663
14353
2424
9458
28776
3464
27663
20848
30302
16530
20075
22840
28344
21424
7888
20487
17037
24231
23749
8924
10290
1678
210
28845
26902
15397
4489
23384
16105
13416
2499
25820
3076
20324
29740
11465
29445
24906
24578
8693
4537
4546
4889
31857
25408
17793
7459
5051
3435
17950
12334
25909
7529
7201
25198
24278
30627
20318
15677
16928
483
385
15712
13138
14013
5865
10380
18654
25896
25018
23592
12061
30571
813
31061
13378
11839
30507
4652
20621
21810
282
15430
448
2378
22776
11394
30935
21227
2982
16386
11508
5882
6534
5751
408
9027
28744
8607
10265
23064
29952
19980
20561
16699
26492
10534
10387
30719
4053
10355
9955
22697
27205
30230
12390
18716
17720
26262
18455
437
1446
31713
5564
14709
1439
6545
22809
14942
16680
20077
7523
31007
17733
22323
16631
23795
5463
16021
9548
31942
31400
16001
6950
10906
29253
18085
24333
20009
11532
19507
14846
21195
22021
18145
6752
11419
4854
564
14649
14549
29489
4607
8098
130
16561
19751
8313
3161
26469
18856
6741
3293
26316
26333
5567
12747
450
2812
5023
7607
8346
19680
8180
31476
6508
27403
31944
19125
21168
13291
31076
12146
29708
17244
18880
13965
6507
14703
29245
25910
15439
20073
7062
3212
18280
26639
25364
10500
2149
5153
31490
20751
29706
3109
12129
30455
28803
9829
8925
522
6648
22587
22527
763
13665
11660
23203
1925
17820
22931
7597
20817
30396
17632
24824
29722
21413
15520
13199
7951
31190
10014
26144
5497
16261
24970
429
6813
752
11002
5765
21732
500
16558
30579
27705
11479
3992
13621
26547
618
7963
28207
3700
84
6420
18017
20433
1706
4887
7063
30387
19900
31995
18911
11324
24371
22680
5184
3502
28767
7887
1449
22921
26572
30155
24104
30708
21527
7303
24668
25182
17665
12176
4909
11877
15042
11021
19386
16375
8096
19964
5011
26295
702
17086
16169
27298
29499
12502
18563
19442
28276
7150
16946
14914
27817
13338
30342
1780
10441
31585
1794
5840
22661
25722
8206
5869
7594
20179
5356
30933
8622
984
30701
31204
3976
6513
741
14833
24517
24012
25564
9521
10969
12382
16902
13655
30131
27684
3830
19968
11412
18223
30734
14415
16416
19295
3130
468
6326
19567
27102
17075
21501
560
2316
3842
191
5659
30203
6002
19707
1795
4020
15666
23093
24103
7951
7440
11281
17008
23006
21986
25888
3832
9832
3620
17914
9673
13081
31970
8845
24552
13943
31193
16820
16018
27480
22745
23308
16837
7506
5229
9987
2050
22900
3006
13617
6994
5939
22453
31980
3975
28071
31584
23574
21956
10488
29591
30778
26943
21523
27103
13783
14662
2721
3726
14844
29824
10041
24112
10773
6518
8660
22058
7685
28753
12930
23709
30837
20965
3164
24461
6507
24559
17594
28483
7966
4763
15014
22511
10505
16202
4752
401
20798
31889
6723
1307
20477
1925
10519
31184
132
3638
20584
5616
9770
889
28744
20375
25768
24555
1137
17121
30391
29746
15741
13906
16351
12422
14938
15990
28302
1393
30200
17604
30568
16850
15684
30152
23262
4648
16730
23170
26882
1293
6646
8457
30617
14593
19500
22643
15986
5993
10586
9209
19959
16599
6746
10583
21506
3724
11004
15986
8946
19772
27059
6717
12029
5393
28558
3293
30152
25330
9322
780
1076
22276
4967
22715
3707
15473
25496
16123
20093
15977
18687
14621
7252
28263
440
29976
29998
693
13172
812
25692
23603
15657
12485
678
30292
20744
2722
737
31849
27312
18998
27333
20770
30113
12879
11000
27986
14323
7925
24942
3826
21832
19605
8950
22889
254
6751
16652
19211
7850
19436
5365
11231
9154
3620
267
22949
9626
17247
7253
5399
4242
23242
15450
13424
7565
14093
20791
24363
11941
26666
18416
14093
25629
15528
26372
4709
149
28146
22852
11155
23430
27642
23268
27079
13543
3105
15571
9995
21804
8027
12872
6020
30329
13198
7326
13812
3091
1084
18785
22916
4374
24162
22185
22721
12134
31648
12710
24036
21223
6297
25469
20566
31985
19101
8274
30579
27646
22662
19622
14991
27558
6879
27876
8758
24782
10060
13110
439
26140
19237
8093
22501
3246
6501
26177
2582
5387
4035
4102
13421
13401
5918
2399
23645
14801
25374
4967
27244
10353
29977
19246
25655
6384
17971
15184
1975
30711
23754
11213
11204
29838
20753
9236
2519
13013
1274
21345
21780
5876
4954
21321
17032
15444
14920
30868
26287
27920
17605
9802
3129
11686
14243
22288
26637
12531
17823
20661
20111
18526
20177
13833
19998
9299
28486
27374
21217
30963
24811
432
14276
23305
13484
4250
26813
26944
9950
25281
31316
5524
4826
3876
23138
8967
18923
4855
280
11157
20843
9275
12612
17001
19496
1426
27344
1617
4877
19538
19084
14448
16638
19672
9261
11059
13827
8479
15253
7558
21929
144
5717
22087
1189
18460
1648
5114
10683
9609
21090
9407
13790
28937
7776
14978
30617
21009
31458
20338
15789
25704
15455
11956
3324
9855
87
30040
28069
8704
919
8076
4977
681
11705
30223
25966
3931
30186
28649
10457
14702
1264
23642
21313
13896
14443
26896
18410
22318
27482
22684
1136
4953
10210
38
172
30797
9803
19297
17883
29798
15692
6587
253
12212
10120
24534
5244
26377
16984
2619
27918
78
10699
13900
7644
14111
21995
27259
2020
21648
7490
7865
4252
76
16541
10545
11224
13035
25616
25399
15597
15737
6458
6779
4887
18008
24266
8835
1304
5453
14658
6744
28706
9172
18684
14975
7671
31415
362
16170
22095
3552
26017
17072
8058
2667
28185
7227
29254
19200
31662
5824
25891
26208
31723
5173
4741
3133
8840
28926
16010
9295
23601
15272
732
25508
24202
5337
28634
19512
31087
19335
9715
19141
3456
2409
594
26332
19421
9131
3007
14645
9006
25574
25797
7236
230
23887
7184
19212
13770
8751
23578
25144
24749
28051
15879
30568
23165
5444
17357
15049
12419
22521
15767
22248
20966
23500
7788
712
10609
28907
1035
31282
1175
27792
30234
20556
27572
12339
8320
20589
20374
12542
3344
24880
12348
4993
8295
7623
8413
12199
24087
6546
19757
4328
14341
496
25563
18113
27919
4694
2654
6497
15090
3742
15857
30374
26475
14241
17884
11079
25757
28167
6902
15443
5299
30558
26728
29914
28870
6506
2483
31721
5889
699
10741
1724
1027
8070
26728
31536
31620
3502
9771
5751
25660
31521
24901
27663
6912
19306
16615
20725
303
31107
14065
1814
19020
16107
23224
15622
19692
12536
24838
13812
23251
18543
21859
11742
25690
1874
30867
19969
27412
12537
26720
17812
1968
18532
29850
23221
1825
18640
17755
1956
25341
19592
13967
30767
6435
5630
3252
31597
9889
12058
26335
15791
10709
4818
4608
24244
28626
5371
8550
14364
28932
31839
28806
26655
280
783
29176
29823
13846
12539
28610
6587
19152
17599
8409
6790
128
7872
14309
9079
17325
25208
20293
5890
6222
16910
22099
21927
4402
10282
25577
22121
22175
13319
4644
9090
58
15306
18279
3925
17958
18706
4259
13732
19824
17360
28886
7427
5035
16217
18898
3213
15831
7609
16960
27093
20104
73
19684
13088
1860
9350
13603
27089
31020
24602
21698
292
2270
1851
22256
9503
27035
6717
11399
28102
21413
12130
5519
21135
31211
8688
25604
29205
744
14214
23512
528
2249
12207
21564
31621
25806
29112
283
22330
18930
19647
29672
28269
29390
268
30362
21445
26299
29094
31733
14473
6711
28957
29194
12816
28298
13485
23553
29561
21673
2694
11286
20380
5978
2149
481
5951
4249
31591
7132
10126
20026
2591
24351
15557
27089
15590
28782
23856
6095
24690
27509
28757
12781
30379
23889
22128
16590
10681
15187
5151
18655
30050
14081
26207
24195
31379
4958
21175
17773
12604
24428
1971
8012
27745
14830
8596
28078
25711
626
10054
27422
15308
7055
21394
655
12721
8812
404
21504
30524
16257
15217
18773
23233
29858
321
22155
15714
3129
24148
4625
1759
3539
18579
27248
2991
23518
13890
21038
6479
24240
15344
25330
7386
24780
1192
15336
6106
97
3433
8039
22365
23060
13525
5074
8524
20735
29485
3004
19449
6138
20093
22863
29687
24601
24340
28910
17454
20598
30775
16153
1070
11056
18711
5521
24772
17331
2560
29629
8907
10810
2514
11853
18501
12435
12213
14877
13227
11298
17673
7772
25985
6441
7068
20973
29740
839
25632
2061
13832
22334
18652
12343
20918
505
8353
11588
10419
205
19968
2007
20527
18175
7866
8184
3100
7302
16248
8703
133
23059
6076
17076
3361
9807
8728
1716
1832
6243
5278
6423
17765
25534
28055
30031
12941
28946
14456
26707
22991
2208
7953
11518
8620
29110
6920
10161
10505
11126
23430
1344
31362
8920
13104
16652
2562
2547
8793
22124
12432
13432
20853
8530
6764
7551
4049
12843
23387
31366
10882
6406
7487
693
12188
27641
7402
14697
29092
3264
26932
7914
24391
29096
6219
17019
843
30124
26443
17053
16583
29661
30735
24715
8079
12807
8518
24584
15603
24209
1225
5210
13481
9637
24620
16023
5639
8593
19346
8479
14709
10861
23238
27754
2595
18686
21640
26884
6135
20699
29733
725
1482
26062
26955
6566
10195
28797
2586
15073
26211
17994
27518
10392
14547
2167
21437
20937
19643
397
15180
8161
11621
28672
20455
15742
641
16652
11744
14969
9499
22242
17336
12580
24010
1801
5100
20688
14121
5630
18705
29075
24971
2334
20515
5448
15594
20421
27931
31190
12833
1976
190
8374
11355
24768
24254
28591
18124
25496
9980
20196
671
8201
11563
26641
6447
1620
2971
27410
15993
28624
5715
31653
26578
6868
30560
11376
27349
7639
25965
11078
2208
5590
10388
678
14656
5111
24948
5252
19305
3691
18052
12876
11370
22680
19366
30245
27745
26232
26624
16755
21163
24380
28167
1183
5791
17206
10716
13338
4220
10485
14812
3743
30367
21938
21875
6329
31482
13547
30256
29062
23745
29517
5919
25786
16998
16599
338
24038
28616
316
17602
8443
11432
22922
4182
27658
28508
7690
13376
26189
8135
15207
11152
107
1672
18450
8706
10744
15474
740
538
59
11836
6150
10101
23093
2170
11534
26712
21982
8140
30826
16777
19122
10582
26626
359
17772
22384
6937
26419
28946
11934
13172
16304
4401
9922
16831
12268
29034
27792
20780
8797
28205
22339
22109
2607
31429
26254
1412
28893
18581
23766
21449
511
29601
18846
10220
2403
22608
6211
298
5982
30320
30441
870
16228
1402
10677
27521
9431
7703
7741
1802
18973
7396
21308
23579
22005
8818
26763
18050
17163
21650
27468
25376
11722
17615
12904
19087
13425
8251
24381
24328
7529
3183
22160
12675
14294
21965
17865
16927
10860
21256
2143
8133
9347
8679
401
11016
9582
8517
15959
80
19977
19549
29592
19768
28818
23364
11421
5428
21178
19639
15814
10615
22011
15639
20347
22548
31275
11954
5478
5731
28242
10052
1503
10918
9145
18110
9640
6380
5955
15173
15323
22326
17664
13950
544
3289
31232
18441
9507
24867
30821
16715
10566
7489
8636
1649
1939
9568
7054
28849
5876
3347
8753
9683
5542
19189
227
2289
26347
20367
19996
10363
22783
892
7960
19837
1870
28874
186
4133
11492
7076
154
5504
31525
20014
25942
23172
18622
23473
29989
12371
11483
7928
31667
19902
23195
14330
11567
6664
20672
19641
28831
5357
12716
20841
6008
738
22409
7125
13164
11424
30919
17919
387
5340
28875
9222
2414
8024
229
20813
9240
13855
7555
6362
13438
4620
7077
15612
28608
24460
21137
25137
10615
8357
1480
8518
11593
28728
11064
1216
22203
2691
25011
30075
23367
16105
11168
23185
31407
12022
16881
28797
2448
413
4949
7041
2618
22981
17326
14661
18367
29445
16325
13760
10058
24491
14652
26459
9138
29954
7877
30292
10063
2773
25746
21345
14349
18223
12557
407
10686
22373
16840
14217
19125
14934
7351
7092
16016
753
24989
8219
31573
8697
20420
16686
7361
23045
21489
11248
476
6347
12951
3929
26833
670
8779
7417
31997
5429
27256
31967
2886
23213
23124
14521
20654
19921
11282
25149
5927
21402
10330
30919
5290
28146
7670
21059
16515
3005
462
2893
4847
6682
19222
17047
25320
15078
24518
9099
22080
17539
9546
1074
6125
28375
2427
6741
18596
20887
6095
3042
23977
6085
28364
24208
25061
3191
10691
2758
19769
25819
4794
13754
26130
27512
12458
22230
24893
28854
1515
19551
13309
9377
4844
9048
19547
15850
28967
5796
9150
4654
6740
2412
24507
891
12253
192
29998
26385
22163
24705
394
18789
31391
28542
20077
13164
4027
26333
13176
21781
8610
4285
19037
14616
18628
14873
10553
26094
22335
31727
5925
4128
21003
8098
28423
16837
2676
8862
9391
6982
27598
7482
8223
4453
20836
4322
25385
19582
30897
24949
11584
3340
25555
235
4488
14702
16444
31805
13103
30956
9643
11390
7168
756
16730
26446
24885
29098
16761
7025
2701
31393
5340
24250
28575
2274
21233
1582
621
17718
24564
2406
9789
12706
8550
13621
17829
4398
22203
29067
29412
31978
27219
7833
28536
18995
20139
19766
4077
9779
15317
22146
1267
2727
24869
5833
15027
28645
24366
20394
16995
24605
7660
30072
31256
20447
21315
27616
26332
24541
19880
30156
29953
27635
22303
23688
4789
2916
17509
4643
22742
26215
1134
21273
13831
1250
17426
2862
20483
31349
31235
413
3889
5050
28418
4210
2169
26827
5714
27445
14679
30981
19053
14536
18989
13324
16887
1170
19166
5135
20720
19166
7576
11598
18989
9341
1009
22233
5385
21939
566
20634
19288
17489
3327
2709
29596
6430
13575
29039
11132
4219
17723
25645
22129
15943
1809
14143
9411
18689
8475
26813
1716
24620
17372
27120
24570
29176
6362
8724
3955
25630
10228
3676
7957
21516
9974
9015
12324
8770
26475
21202
30631
19708
22195
23774
24348
24081
17493
19347
7531
28699
25238
16885
23577
3800
13642
597
15550
30416
25322
15388
21177
30776
7143
17348
25890
279
3134
28711
3328
4775
2893
27132
956
9726
227
21151
13782
17389
7840
15121
28119
21545
8308
3135
11143
26536
24457
17543
31583
590
5192
11896
25153
10185
15541
29913
12647
12218
12286
14317
22170
9493
4179
2038
31908
13514
3833
26872
4103
28581
13978
17343
31727
25458
12256
26659
13158
20326
13378
1163
23239
30650
8989
14000
9589
23705
27910
6564
15308
22588
18783
29970
15704
26708
27176
29127
13125
9896
8728
30577
1815
13567
12524
6055
20892
8256
10752
10794
5662
471
10524
362
15836
20060
18832
17997
26556
21615
4995
7723
24634
1767
21384
22045
21924
16171
4210
24695
7305
15583
4970
2451
6255
15300
13886
23761
7364
8409
27644
23259
23063
711
14272
25902
11144
4475
1482
726
22653
8469
6867
25208
7831
23553
3489
15766
6117
24675
473
271
20823
19641
790
24293
9589
699
29495
11587
12112
3974
5885
14015
27065
15354
24021
24540
20146
24673
6642
17875
2850
10321
29087
14995
6861
3027
31444
16902
24706
22212
13575
29846
3734
16252
21828
27376
29586
20654
6272
5895
552
10895
4139
11868
4973
24379
7428
2430
30274
28244
3121
7372
30482
9196
2703
28290
7362
24229
25159
11764
28645
278
13986
20500
13616
4721
12830
21818
11310
21091
23233
7205
9781
17468
173
26173
2457
30032
31477
28954
5407
669
9903
18762
30645
8622
23626
14927
4192
12479
20258
743
27253
4641
2898
7314
18956
22240
1481
31053
23730
31908
29345
12963
25182
17109
21932
14055
25255
23298
335
6587
16947
30852
30611
16596
19571
862
24953
19970
1421
29288
4238
27242
22682
4269
16064
22294
30226
12817
112
26289
30340
6967
7368
17547
5515
8353
16463
11492
6397
16665
15802
31334
14437
16208
20742
11507
6324
453
6339
19873
12339
10217
14771
21507
9916
22401
24723
28843
1578
23883
5689
24812
20238
19940
6623
12261
17828
27625
13759
2234
2821
11357
16864
292
22173
23115
18735
27438
25568
7596
1233
20790
26681
27018
8632
22330
9539
5478
1140
20054
27452
9688
587
24456
8119
2165
11918
18103
7312
18165
28451
16116
31525
30102
9062
1023
8131
24763
14903
3341
6495
15833
11338
25800
10631
25491
25541
17048
2200
19748
16907
18721
14896
27902
14290
3597
1510
4784
9084
20235
26681
26637
27044
30743
4039
18827
31735
24317
15040
232
16965
22552
2201
4373
6615
2144
5125
22092
24324
6308
26913
21891
13567
11795
11246
10246
754
19457
773
2143
17746
744
6790
6521
26218
4269
21330
10501
26937
22053
29306
28957
17282
17880
25847
7463
23584
12293
27547
5629
13979
4070
17223
22859
31993
15924
7519
24632
23510
11502
31867
22856
25783
4183
18783
14720
27292
6462
13358
26828
3284
9345
13786
3487
25621
980
17887
15321
1484
17343
6193
2797
20914
4838
30578
22339
15776
11917
3945
13019
5028
30811
15280
18740
22100
6494
11948
14956
16226
22096
1218
12712
3185
31001
6088
15030
3623
29588
9914
6897
11652
8086
9647
12645
23410
16429
18955
8756
7837
10277
9973
20793
13188
10705
28172
28650
29393
13320
10325
8835
29157
16493
31608
97
4536
30451
20269
29611
28640
10913
26353
15416
28143
5011
17405
6573
17154
27202
25464
24806
19351
18437
11500
152
2975
28887
9463
14644
5845
27226
14403
3086
21325
1052
12983
9662
19024
13593
14063
18374
31591
29314
18922
30070
26038
25533
18179
26637
15243
6061
20515
3617
29751
7987
3636
6721
12317
12533
21977
25816
8968
14942
1116
9556
30914
486
10472
18056
26594
16019
19960
23119
26341
18623
30479
28787
14208
18461
9898
21709
15413
759
114
30893
19493
12985
23479
2940
31013
435
23066
1695
31763
5659
22153
12447
15211
20049
16497
23431
8213
4711
14126
25230
11393
24289
31175
10998
2550
27833
471
11316
39
6823
18639
17233
2824
31647
19035
21904
735
11930
28450
1617
2718
25497
7347
1077
14448
12775
16315
12675
11410
9119
14715
11211
2660
6767
16761
30409
1984
29083
3958
20107
1674
325
24993
25814
27784
26347
13066
3527
11636
14129
13913
8118
15184
31969
26816
2655
20730
10544
20782
26948
19200
22851
16326
5453
693
5361
8591
31154
24453
27339
15469
12314
4741
3417
26448
10245
12366
21927
4779
23911
7436
20224
13608
25237
465
12282
28826
16741
10801
25779
818
30609
15624
3673
22775
4701
23453
7152
20848
11642
17389
24655
3491
22825
11073
18796
23108
11172
6658
7386
2598
441
14798
23952
21749
12984
18891
16108
3623
15247
11580
18680
18480
9524
18514
4587
14325
10819
8004
12531
27780
24553
27554
20017
12034
26112
7142
29701
7908
25211
29004
1421
24163
19461
12259
359
25385
18405
5348
24512
16209
7973
1859
28295
30350
3827
13957
9984
13226
30791
7121
2434
29235
12998
4425
9337
28785
1767
29595
684
153
4948
466
19655
30793
8595
28531
273
4397
11749
23749
15485
9726
9838
10608
8681
18614
9623
21833
1185
18173
11185
25453
3877
17893
7131
29581
18221
17879
37
1416
4843
8910
22773
6975
9104
25794
31658
11429
26897
29800
17536
8725
29483
2072
8115
18665
25509
23822
11752
30280
21973
4310
1992
19519
24421
12034
25838
21779
3671
18206
10755
26838
2119
7910
8743
4409
12016
21686
26515
24481
28146
1601
16253
27005
5587
20358
27964
24278
26691
13824
16557
28455
14756
21533
25557
28784
19401
22770
11208
31878
17918
12333
28873
30893
28233
26187
12722
15208
2032
7435
1687
17552
31547
9250
9894
15268
10875
2608
1361
10336
6219
14835
19120
6545
17174
30650
11040
11815
23002
21277
25137
13452
11819
24812
21695
21556
1914
20837
7774
30070
15255
13994
3580
23450
12405
3954
21953
9523
11054
27134
29242
9903
4166
13135
3255
21292
31028
1686
23793
10125
17182
4332
19952
19405
31461
23875
27180
24212
19041
7324
21235
7944
19182
15995
18186
26854
24871
28056
31895
14033
1521
17624
21054
7914
8380
20603
7051
159
22277
12183
3216
17098
29983
27077
2255
5363
21556
19738
22874
16116
24967
26713
3640
7113
11003
30054
3851
29853
5337
18430
7920
1319
7374
5286
22439
6713
20019
9185
24564
405
19345
17830
24900
10757
4453
6417
148
26275
22048
31833
24207
24701
11122
14594
25334
21342
17608
16468
22341
19174
1812
3083
5268
10460
17868
30544
18619
26053
20789
9192
5817
16310
14817
16300
5719
19302
28022
15929
30472
7047
4274
23272
18964
29271
15020
30465
14325
12658
30045
10283
9473
31722
10078
2855
2378
16025
19187
11966
706
4790
5705
11000
20644
11943
30972
14479
31503
22806
4828
23715
499
4679
2033
31919
49
26537
21949
28348
18429
9643
3520
22997
4487
23504
6466
31418
31963
26374
27212
8409
27398
30260
15864
30585
29307
15634
21482
28473
29365
18749
16159
23481
2845
11659
13286
6551
31021
30619
30507
20637
8662
9137
21243
9784
18975
705
13381
29740
17168
18122
21982
22407
3278
10598
7368
11219
13575
24734
2484
18064
29840
22018
25541
1762
20557
21498
151
3462
16722
7511
19840
12554
10311
9005
277
574
4113
19685
1009
29926
943
1678
13234
177
31585
2420
15171
20079
9488
4852
19809
17790
3050
141
9816
3461
25421
28732
19982
22629
30950
6146
15171
2157
4634
8135
15383
1742
14500
23139
18381
24142
14976
21241
7630
28224
24840
14215
22001
18867
9054
20923
17913
5866
22537
521
24672
780
10723
28922
28755
7709
21554
27335
22269
13101
27157
6438
11784
28879
11554
3940
29537
30157
14157
23732
8764
5658
31755
6343
23897
27656
25784
7836
3717
2491
3126
27034
8035
24286
24024
18652
12140
9876
7038
23756
27445
29106
3841
4851
26864
8491
27345
5135
11830
25804
7644
22630
17156
4649
7858
22107
30211
26583
29159
574
13836
4315
28601
360
9451
31843
3315
28297
18275
23988
11026
31033
30323
26724
13221
5333
30168
7369
762
21645
21459
14513
26102
439
30252
8275
12101
23915
30839
21382
10164
74
16278
17201
24026
20127
26239
6915
6398
23722
26688
21348
29493
3895
11072
8107
24267
10869
20935
3217
6884
261
29632
25317
23395
3154
9662
8834
10251
24353
28990
10623
14052
9833
8748
23461
17889
11364
3496
24102
14271
4582
13833
15243
30768
12782
28706
1007
27449
25466
28101
15723
27609
3488
20870
14545
7659
16859
12225
7837
5965
20643
8415
18472
9282
3136
18644
14623
11029
11743
30700
19764
29440
4326
18632
28179
21067
14469
24483
26008
1976
21389
11995
8255
17183
12934
25772
29660
8534
25596
26174
16012
8019
27417
31714
29163
18581
17529
4760
24199
9408
11577
14038
21397
10375
24657
11396
26339
11726
15908
18507
30990
14096
4694
28175
18933
511
27614
22714
12653
11627
15196
3900
20535
30309
11180
10960
19759
20644
26811
21120
29381
24104
18585
4075
16561
2588
2768
24902
17891
19201
8693
11425
22201
20489
15228
30827
29557
7617
31184
3385
29422
24051
5284
25795
17798
26315
21379
2607
25691
15672
5807
20371
16578
5781
25128
31925
18417
7561
7947
23317
20219
299
1821
17197
31490
106
28328
3831
31143
8109
24710
5552
7622
8887
16507
5340
13409
20172
26568
10890
9689
25369
28668
17625
14180
8529
8206
10939
187
15509
12201
505
27155
12182
21703
30327
17999
15869
20353
26298
23924
9483
26661
14759
31581
16252
5002
16781
22192
8370
12704
20582
25616
27407
6731
24922
27028
26019
27762
31621
26232
5383
21331
12794
8979
23432
13849
25864
8
25736
1456
10428
17346
24354
7384
29862
14619
19469
26232
224
2651
25283
15925
29773
21864
20962
16196
18463
3643
24274
30076
1180
22673
10408
9392
15137
10723
4682
6715
24935
18329
6100
15580
29189
30075
4923
20165
30262
26728
13361
5614
23773
20810
12104
24239
17094
5193
26713
3214
4143
63
7207
11606
3975
6764
19776
17001
24949
21100
30756
13398
29212
12901
21161
9390
21406
24453
6814
4628
8670
427
14255
660
21387
20837
13448
10294
7258
7963
21310
13266
17554
16010
16618
18981
6606
21363
11415
20261
23806
5268
17758
31634
20912
11735
25551
28878
21134
4810
25235
16110
3879
21839
27216
4369
22258
21653
13517
29680
5519
22598
2903
27319
25681
27650
1123
17940
21754
3853
17524
29069
22981
3140
17983
11030
28330
3670
28173
22755
26589
17456
27746
29051
2456
10681
13276
10766
19738
18624
1629
24328
30448
1586
23917
27366
25203
20369
12761
24392
9874
15521
26272
21576
30673
31077
23312
16907
27538
3145
26669
6293
147
19617
19794
2530
4281
7506
20507
14898
4108
16335
4993
19108
15618
21320
27207
29190
9728
21534
10390
6124
10270
12185
14564
9727
19243
16349
30746
920
7921
17434
7413
28558
184
10500
11948
11340
22546
13699
20180
12838
28111
28587
23169
23533
6223
19950
9903
16832
2561
2192
23520
13862
10022
8028
13574
6490
23513
26518
9634
30438
4941
13872
11054
8563
13399
31296
19897
16608
18220
23474
5073
1681
10347
12858
28069
31754
27998
26765
23403
8124
23933
8145
21248
17438
9523
10066
10446
25856
9701
7286
754
26397
1841
18163
1440
30191
28019
1343
31678
29639
31118
23881
22232
12316
30185
1382
29493
22563
21687
31118
9540
21921
25468
28872
10558
4094
22476
18147
13830
17306
6486
11879
14164
25444
27938
16075
29458
14504
26135
13032
7686
13608
16064
27566
9138
11119
80
2838
9592
24930
6883
15191
29954
12568
21254
30301
3553
11243
10362
24951
21108
29647
6709
4432
4108
16099
27562
18976
3661
14662
20298
4131
11736
14636
6731
7243
23079
31025
26024
2354
21175
19693
16489
19538
3949
968
22308
20344
17459
28175
13508
15990
18402
14408
137
23832
25188
4291
23888
31066
17946
19314
19989
19928
14459
30714
17334
26758
11774
7690
14329
27041
23866
5100
31185
12006
3404
9050
3805
16129
9082
28818
20018
2376
13334
22445
6234
19881
6820
13356
20636
16609
23871
18132
31614
16623
24376
11708
9865
11721
9985
8868
75
14925
15177
29576
12196
18810
23401
26997
3386
11232
5887
4508
31308
20821
2264
7333
8625
17130
14612
18501
2071
31006
27268
1811
25744
25169
22359
23191
25165
11643
8438
5028
12200
11549
30508
27880
359
26232
14986
13250
22849
8446
7690
29523
29339
2566
3058
21976
20629
16579
20987
12343
31304
24183
22707
27607
2640
20196
27168
17077
19081
3331
19366
437
15638
6137
12074
17718
13992
13383
16248
25576
28156
19777
19426
31714
9382
2753
22314
21999
19726
28444
3491
4905
20920
4437
26258
22730
25032
18321
29914
28222
26309
21963
10969
381
1949
29897
5517
1431
23785
17743
21243
24464
14963
914
18385
21871
12789
3823
22602
29586
13092
6621
10322
23620
27885
5665
9963
13714
21503
12609
26831
10586
29321
30010
5718
11172
25925
24949
28827
31541
10677
4088
12762
4194
8621
15066
19741
28195
28689
13817
20760
2408
4832
12527
29265
15024
24177
21825
132
28119
15869
5338
19269
1071
23902
15544
14823
7379
8214
8166
6813
14136
2451
28330
27871
25605
31410
3583
11023
30757
26753
837
22365
30234
28745
18488
20456
8596
27852
6943
11813
28994
28875
8005
13701
21224
19147
25005
5458
30130
30233
5634
474
3784
7436
8141
26832
19490
4234
15339
17647
27038
22733
24125
21728
7247
17255
6049
14686
18456
4740
6177
16024
13178
12656
8555
21719
11691
4697
128
31840
23272
6485
19890
10396
6923
14503
17865
24182
15968
8766
10116
4613
31925
12926
4680
1899
25264
30787
31506
15101
10598
290
24753
5284
11304
14580
4147
27266
28832
16270
3485
5849
29982
12242
29919
9513
14636
25836
26374
23193
13416
25300
22452
7576
12179
6939
20173
196
13285
28388
29300
29963
1187
4657
27958
26384
22260
13408
1156
19408
15345
4597
29543
24709
28923
21401
23919
8651
2641
24163
28141
15873
11233
31063
30561
1778
17503
27692
10038
9908
404
31571
8621
7121
23802
25908
6680
16549
13189
17595
15176
25095
29635
18
29768
10540
551
4785
75
23751
29603
5525
10468
15733
9844
204
21877
345
16706
13114
4842
13059
13672
26006
20647
30615
31121
16822
10174
43
17796
524
5478
10864
16449
10354
14761
5269
21580
28450
28252
10344
7753
12041
19028
25023
10697
2109
25815
21526
28772
12748
27985
13177
20232
27063
27464
25765
26000
9790
14994
22634
5272
27742
6086
13907
3472
28569
20720
6793
10512
24309
28297
27381
30571
839
26790
1957
16263
4785
15471
23153
24556
23914
30163
2526
17946
14269
378
21314
28704
17749
23291
20521
11370
2487
27472
11000
3035
25104
11143
1744
14876
19505
24505
7861
12339
7896
319
24560
30039
5937
5925
945
25090
24476
20440
27641
6473
29617
18212
18359
11369
1409
30049
16946
7330
18463
23788
16806
12104
17248
7892
31026
18455
5342
18390
20977
15815
16963
27020
28520
23776
196
21473
21280
3280
5611
712
25491
19258
13722
5166
23117
29074
333
23084
23883
30951
3231
23938
18343
12287
2832
25665
25975
6057
2821
20679
9970
22863
25104
27888
3796
3019
11890
30091
24580
14971
4574
31243
20084
25240
2432
25727
14153
23235
1854
15813
9277
22753
12350
506
7745
2601
25768
6452
4966
29051
29869
18548
21501
755
9928
11990
27389
7103
29507
8971
21926
2350
6398
1289
24164
27145
28524
22529
7926
18214
6622
14482
28111
22585
4
828
15037
237
12208
16151
7880
8757
3038
8389
9053
29405
27890
14757
1196
10853
5696
10057
29518
23311
9425
22315
6443
28725
23396
12955
26011
23008
28596
18172
25803
5783
15609
15920
9827
3957
688
15185
30565
31359
415
28578
29528
14132
17686
31685
12455
22885
21104
28974
3140
22086
25313
2007
22672
1990
13683
23605
29567
31260
29512
18796
2039
14242
7206
13247
377
1767
7219
22346
24837
20223
28412
28403
13880
5662
29628
18334
6070
20070
22236
5024
1999
25852
13494
4726
19037
18273
22942
24760
17643
21248
17187
1096
10781
25347
18066
2255
29772
28779
188
16490
29552
30816
29433
31904
29251
7365
29037
21400
13987
13072
18058
17800
24888
13657
12246
22129
28760
18864
6127
28682
27175
21428
12748
8185
29187
17506
22853
1609
19743
7210
23766
2073
6765
21320
5280
6801
16834
7249
27312
14875
24117
13580
14468
25039
10184
14724
7627
5934
8266
11611
13421
24084
1915
12129
17867
10472
23154
2917
25928
6422
25148
7756
5128
9151
5574
16480
20984
28335
21244
10730
16398
31119
13107
1538
14290
26459
451
10150
31773
31767
1018
5386
26400
8894
21807
23855
14761
3964
12849
27575
28578
21020
8427
20216
15834
27844
31041
9295
7433
17120
26683
7862
1550
29788
11878
23449
17274
30998
7543
31206
31826
4243
6450
10084
23569
23025
8074
6213
31725
10268
7178
7422
29019
26181
2675
19030
9685
8336
11431
26557
23515
1293
22469
6112
1336
28906
7318
28538
20102
24039
20264
28269
1012
17417
12728
3857
13127
17299
18133
24524
12063
11058
3779
23267
22396
11896
13342
28815
19328
24715
27583
30548
26743
18207
3044
30350
14868
6561
7818
588
16381
181
29470
1890
11403
27107
29525
31418
202
17293
16217
30443
10696
13605
21797
25869
780
10141
18226
26059
25188
12830
18003
17337
4324
16124
733
24553
21803
31978
10508
19641
29416
28778
31906
2798
17309
14728
22481
7431
19619
25032
4443
25803
30319
18013
3576
548
18707
29339
248
4657
20999
430
8233
16791
5930
18062
20219
15640
15108
3371
1250
7526
13902
24557
29436
825
19124
20064
11508
11423
4825
18987
22822
29843
21404
17218
11268
28882
29338
21596
12984
8682
13811
5032
12555
27028
12626
23483
5765
15171
1063
8397
20181
15101
19767
9766
29044
15978
30551
10195
5254
25643
17268
19613
18177
13676
13271
29756
30224
1469
15527
13767
16826
1309
23984
8815
1215
14424
2402
8301
5058
19348
28
29241
30637
29478
28332
15869
10066
20138
13071
10569
1102
594
17021
23816
7987
31358
15785
1459
1766
3469
22597
9156
10053
28659
19652
16494
31501
11916
15717
23179
5371
9009
9837
8150
17458
6024
17843
18010
22493
2592
7010
6698
17941
18877
26619
4947
14853
23280
19353
2063
19788
23531
27257
20283
28834
23188
15033
26379
18367
20696
24416
29693
31865
15170
13471
11275
19756
203
29015
549
23134
2805
474
9694
30627
275
757
11110
959
12779
27696
28600
3083
18559
3149
3348
16154
295
4887
29616
29339
10211
30045
31403
16513
20720
4156
65
609
664
1181
22598
6685
12112
27647
23501
2752
29437
19063
1321
31913
7830
25076
5398
23019
12016
19144
22071
18419
25557
30052
10180
22379
16470
31075
8317
27486
25954
21963
24034
7069
31384
1679
21413
5730
6490
4952
12128
17716
28195
31620
9348
14602
1050
9071
13457
8627
28391
9970
18317
21621
18117
13610
10415
9717
10968
22907
15195
6998
15810
21972
31827
13989
20593
29236
9003
25205
12090
25965
30717
16582
17708
15144
12639
24876
2462
23337
28306
8749
27659
5588
8700
16874
12832
23024
727
25090
31762
30636
17709
691
25397
5343
27388
14658
26315
13972
6590
9629
6937
966
28942
27456
20161
9576
30626
12629
6731
26537
18303
28191
3589
117
19053
408
29197
7999
6825
25433
19628
10750
23515
26555
8933
19317
8263
24636
10062
14008
11847
6948
19231
17388
14841
1640
25993
19022
26421
31182
25929
23415
10178
27730
16508
17374
18889
6344
5813
29854
19081
21956
14669
14969
16717
9399
3578
26141
30363
15450
674
18855
31663
4688
29043
12134
22056
10247
26669
11745
5120
7903
23999
26
23489
22414
29465
12565
19702
8387
29759
148
17632
14601
25245
26406
23403
10222
31132
1376
11360
12901
24946
14953
16604
28266
1086
956
11521
14820
14676
18473
13803
6351
15061
18205
5094
16026
6532
3364
9438
18126
8916
4524
8983
24817
27974
25100
13342
29610
496
196
25599
31526
16994
18439
24760
9913
15783
12919
2542
31177
16295
1327
10463
29672
30645
26630
25752
1088
11108
4370
18023
19508
411
15468
25236
30020
493
20787
31052
7729
31524
22484
9182
9058
7196
9608
25130
18055
7127
24862
7253
31100
26061
17658
27842
20592
21380
16990
17982
24390
9313
27112
19067
1595
10174
15708
25792
29130
19773
20132
31966
20941
3931
20501
22118
3044
27720
31220
28697
27930
24822
26937
30624
7878
6767
23442
9598
25264
20845
27819
5442
23157
1060
14509
28161
24109
611
2053
28419
9802
730
26726
13501
19651
8382
22289
18943
26995
13453
24660
22895
19900
4907
22608
4918
9071
20533
4352
6905
29424
14486
12663
4619
21653
20053
4713
4577
20816
14002
17389
10950
13966
20082
8321
15055
24926
22647
4431
12562
17622
31379
26543
4371
12210
31902
28652
19071
5439
197
8523
14621
23928
5159
3913
24833
110
2716
37
15107
28909
12500
19614
9583
6748
29096
27902
19710
30181
9131
22359
8709
31446
18435
4877
11757
28231
11128
9620
23779
22014
7627
15483
4048
4751
13129
14506
2700
25799
17567
487
4687
25163
8432
12704
20584
7549
9765
14308
19761
1183
13189
13746
5954
15419
10885
22902
27365
30914
29153
8913
28106
7027
12011
1689
21244
5758
10531
5153
31508
23658
3081
697
25773
24244
31535
13945
279
24505
11410
24379
16720
7125
41
27879
28463
3533
13248
9715
9955
21098
26112
17706
1180
28519
13263
6060
23176
398
19679
15414
769
5661
29824
26531
8965
13166
30649
21171
28902
21719
18839
13580
21314
24016
14789
29054
27702
18515
31069
22411
25807
4745
25086
7719
3265
12194
13087
31676
8796
4
14754
624
22203
5289
5548
4012
25151
16834
4789
12757
15676
17569
17883
605
20721
213
26236
27648
13502
6295
5379
16711
19345
25701
1026
29520
21922
3564
14210
13010
19040
21035
20119
24667
3754
11990
2871
17628
23363
503
3147
13160
26496
19165
28167
30777
11332
20271
17527
14580
21294
606
9307
10797
9745
1862
11829
15918
4773
4109
20384
12532
5756
19530
12003
5499
10039
3947
29894
18492
27385
29784
26789
27379
21788
22356
4802
19877
31523
10020
22751
26850
13808
20852
18701
19784
25400
20086
1727
11336
23347
4044
3618
24109
28312
22184
16817
2393
200
13618
30212
20178
4681
16170
28648
8190
20343
11726
2229
8619
30582
31486
27868
16466
12139
14238
10432
22941
5612
8508
30663
7974
10933
15090
2480
5762
24220
28046
12839
23166
24519
29425
13974
424
30236
4277
11839
19986
1017
26131
10376
2642
548
20739
3477
14285
30215
11940
27932
29238
29974
31455
12149
11345
24721
4935
23793
10749
5744
8516
28525
23409
27802
28529
25127
197
24408
11842
29648
9398
1034
27626
20194
4515
5145
17276
3123
31706
9260
1872
17355
11802
23455
27304
8178
7504
16433
28307
9870
23717
27132
5650
11436
4794
13227
9594
10333
21554
15079
28953
21699
1906
17682
539
23659
13732
23608
176
220
27906
14402
26216
24178
6225
18541
5087
613
28587
28923
30366
2350
26242
20777
1088
24844
15074
9568
25556
15584
2550
6575
18050
10561
3534
8313
13170
13772
26719
8555
19177
15292
8140
5297
17589
29372
12260
24170
11724
18425
21739
344
10544
11130
29597
26589
14357
18356
17008
5667
19782
22361
6170
12442
12229
3442
851
21415
28849
17325
4060
20891
30829
25336
23744
737
28415
14926
26586
25724
950
14289
12951
22450
22544
14362
9213
28161
4570
24525
19436
15963
22681
13168
27556
22671
16937
24957
26504
5
29348
29365
1570
429
29574
21688
8294
9275
1550
29395
10043
17805
29927
20761
8759
20589
10503
23989
2986
18302
1496
27774
11743
14959
20629
4300
26014
3701
9975
18826
28149
11001
18706
13197
6457
24206
14969
13860
6983
4133
424
24049
18703
4228
29861
23031
29012
8180
5597
20211
12973
31802
7252
29936
29392
2761
21506
13078
23311
29494
7032
11715
290
15852
22466
31453
2857
19233
24465
28774
12778
13833
8602
16720
7263
30793
2617
23699
8565
25006
27738
17022
5389
14367
29081
17482
22855
5072
21928
25077
5376
19385
28913
14926
13209
1607
22141
16716
4602
16977
2325
12451
31959
27725
2983
26265
25650
21444
20715
10006
26658
5379
20037
29435
8914
19220
13806
27061
21452
7660
7247
26898
20600
230
3245
24403
24031
13680
20747
898
22453
26116
29004
26630
18583
27995
11673
7028
22417
7645
30722
19368
12003
7515
12648
7957
16389
10496
11674
14425
2280
21893
17086
6164
15999
8101
26611
20731
126
24785
10036
16936
31330
31780
26239
19380
5553
22425
19511
12680
8579
30076
17096
8304
4929
16926
24457
2418
17581
27085
12518
18269
21282
19203
14270
17060
1053
22750
4106
1901
21245
464
3264
486
3079
28312
19191
21720
6317
11633
75
381
24848
7561
2179
16279
26307
11956
30321
30906
31954
18786
11290
29162
16643
29391
15895
16490
14939
377
9787
16082
16612
30167
2422
19299
4782
19272
5369
16536
14868
21834
13979
23549
10560
31980
13436
1860
12018
29318
26600
14230
10364
10151
8062
22311
5394
9551
27793
27917
28224
4702
24526
30546
27068
332
31007
11080
2142
17436
20176
4124
5741
6539
12273
10158
284
7821
17915
6560
9556
250
31158
5294
31668
2180
8025
23101
17879
7916
11763
10294
8405
10358
1547
29972
8460
16538
2947
12860
23328
12028
5827
2189
319
10398
275
17209
25515
12628
20551
23763
14195
12665
17826
25257
7809
5089
21493
8787
217
14
16647
21900
18209
1191
30265
16449
28252
17957
17514
29928
27899
1488
7961
13075
30230
5354
4809
5189
16374
2090
31402
31492
1751
16236
14709
30767
11500
5542
31128
6802
7076
19742
14483
23736
18988
3034
8610
9472
3381
31832
31644
3059
5111
26240
11803
23765
13941
21719
8669
1146
30979
6645
106
25180
26886
19001
5879
12266
14076
186
24715
29218
12732
28290
31584
10593
1790
18168
3468
13178
27933
13466
23776
5126
6684
4852
7697
5884
11240
17101
16149
386
26076
415
12496
17666
26506
21834
29680
26751
16569
24584
27926
7210
1706
12452
17462
11056
20128
25319
21312
16343
12702
9300
26624
11721
15731
28949
23875
13999
30452
7476
20283
1
20873
269
28452
6430
16363
18437
14888
1177
16939
29814
6016
20434
5367
17387
8669
21965
26137
12433
8198
25150
12864
25836
28866
226
12291
2761
28152
21783
27683
1652
2837
27813
31504
29228
12974
6362
25519
28116
10087
27358
10075
5867
27667
2116
2858
15550
30492
8415
1649
9436
13605
30423
31370
29643
7919
11517
6100
3577
26233
20316
5116
1269
619
18960
5499
25823
1717
16988
30816
30238
19828
1526
20560
18256
2837
1189
19403
4999
31420
2062
23728
22706
26599
7627
18948
12889
28239
26558
3823
19598
28943
18085
11015
800
3335
4846
18386
273
2691
22476
22405
29770
4632
17546
4370
10638
10447
18464
28002
9389
14214
2820
2527
2298
8594
15170
5174
26110
11945
24271
9051
15470
19456
8218
8653
20315
26800
18661
11547
5545
29022
24403
3751
24514
12059
6466
12714
1419
3465
6618
14968
12440
3135
11622
8966
5788
24431
30563
169
14371
966
18135
22304
30595
18836
1253
7381
7183
6957
29085
21600
5519
655
8985
24397
5101
12869
31429
28191
18225
5515
1278
12692
23471
11186
30431
12587
1663
12998
15959
27364
13870
25967
22655
8263
15283
20501
25131
29863
676
327
5824
16552
6059
6494
12613
16127
20531
92
25532
30329
358
12572
22706
1343
11868
7334
29461
12632
397
16607
16454
25199
20873
8042
20591
26839
27368
22985
26903
13772
29827
19398
17907
26876
22245
9490
23551
22342
14332
17965
21198
28353
24340
25733
10270
7168
5383
14818
12720
5268
21677
17153
29015
10963
24474
20863
28494
3800
2825
29946
3790
8395
22803
625
4320
14435
12837
10485
14705
1448
21168
5755
19108
28414
16674
18447
19052
4191
24598
12847
18009
16360
28871
1654
2482
15255
6603
28536
31173
25683
17918
17390
3195
10796
28604
29971
3375
3557
11347
15437
9152
23471
2999
19472
20965
824
8312
2047
23233
12516
17394
2133
18616
3162
27332
27780
1408
16451
7555
16668
14459
12110
27055
31981
24388
31352
24293
22896
21640
15498
27735
2659
14615
7907
12922
6324
29498
11127
7422
25760
14408
24
22787
4892
21620
18165
31626
27252
9449
6240
27689
25138
30745
10708
26628
27201
18513
28214
12536
11602
1169
2907
15641
21119
23452
18635
31327
558
15691
23492
31388
12857
1574
13442
7089
75
2357
12478
2
2446
27668
22389
27431
17027
2374
490
22245
27185
19659
5614
21596
17793
16117
13663
3457
26601
12663
1775
31439
25160
17087
31782
8506
22801
11142
14507
27749
17836
2725
446
30996
26393
9002
17674
25572
9687
16555
22938
28730
28420
13786
13865
7033
19141
10586
27038
28792
12776
9425
15063
12083
26312
6719
26790
7360
21873
21390
11033
3973
16133
106
23039
2985
13407
22098
23719
968
9205
30447
18155
4587
514
4261
18285
15543
14822
28009
19233
7396
11205
25554
31244
30449
4471
24178
29003
7446
14241
28006
24150
11643
4127
5676
24454
167
13990
21941
19925
23611
10407
2235
21478
15840
13430
11861
30277
21118
25515
14537
28911
28079
25801
24737
3605
5491
14365
11777
23069
30245
9193
11319
22762
21165
13250
31636
8285
17656
18231
13690
31771
25253
29619
22199
400
6657
15781
9233
9014
23350
27869
15650
26128
25023
57
20839
29818
12831
1154
11155
23332
8147
21137
1833
21851
28549
30902
25673
8587
27010
21338
19914
513
28782
6370
17802
14582
28727
23767
19202
25290
14663
20036
12318
10637
7166
13664
12363
24260
22623
29805
208
8297
13833
4064
14691
16947
22633
450
2036
23576
9007
23638
15053
8721
17150
763
15837
26909
11880
26709
16464
135
13081
21672
19299
11885
25426
20357
15222
12922
30618
22952
20322
18931
30896
15391
16910
16889
17859
17840
8765
15629
19173
30581
23722
25808
31678
25801
11351
26892
26237
19048
25890
28664
29460
8401
19609
23480
8869
11759
29967
2340
25399
23033
20208
27594
19374
19351
25681
11062
21498
3910
29387
9585
23950
19965
22410
31431
8212
22289
417
1741
20063
342
24224
27299
1953
10119
30057
3191
26846
17383
9023
12362
21152
28457
12064
3575
14061
18061
10069
2161
886
76
15687
27212
31761
7479
5012
19327
6505
15003
12898
1128
16372
8039
5620
21008
25382
12689
2939
4017
26853
6325
20526
10613
24892
26368
9884
11393
26195
18764
22081
6194
14495
652
18776
21670
27478
13931
15601
29311
13606
18224
14147
6115
14630
19173
14403
16071
23565
23480
22646
10350
31138
18337
18947
10796
3699
25413
28684
14192
10698
1051
62
19714
15325
26061
25255
8584
5189
480
17352
16207
9393
2200
3308
27464
23516
15894
14008
80
11452
5828
10754
3510
5629
754
8935
7160
15789
22978
18967
4813
30009
15169
30836
19815
14744
16854
22748
505
966
28640
23618
13688
115
24219
13316
7327
28158
18244
18040
3637
29597
10109
20936
27282
23774
1266
12545
7264
13906
5181
30566
5791
24711
18183
22026
29675
16952
1392
669
6914
27329
5809
390
3201
14549
32000
12596
15854
22899
18613
24750
9723
13078
9898
9584
24073
4397
11751
3706
31980
9162
12415
16033
3822
10142
5045
29737
20246
18981
29539
11925
1450
7710
5277
26302
12274
13374
27537
3363
21823
11301
14513
17024
11564
20881
277
417
31524
6610
26138
6521
17188
5502
8272
27247
15298
10853
8595
29176
8559
10695
8823
16746
20217
5829
7914
5392
16212
12566
1556
21625
23705
6139
8578
27926
16463
6517
30596
15109
18666
437
11475
29735
10385
467
10615
18808
20772
27844
1256
12960
24958
7559
115
6085
30711
29086
479
19876
3629
21701
31826
6112
16901
29405
8559
9625
12268
14634
7872
15425
16995
30654
5466
1195
6842
14133
26046
11877
30491
5795
26110
23880
14795
17867
17185
5453
30125
28562
4553
6307
9224
10419
21011
27646
26505
14003
27327
30001
140
17176
24465
26623
22167
20182
18166
29998
15143
31242
17131
28638
18864
29674
283
23833
2271
9980
1607
8619
12578
30087
18667
16948
15466
6728
24351
27003
9008
357
17339
10501
27318
11687
30398
10215
26767
226
31985
13272
24417
26297
711
26762
22762
29825
9864
24891
24897
10627
11694
10375
1886
3174
10640
23168
18141
31468
20285
11520
16127
5340
1707
21054
23282
21311
29969
27040
20306
8142
1681
29392
4335
172
15130
30482
10449
11345
14989
23765
2425
6598
29726
6535
18794
24856
19710
13742
26344
7
8759
22325
30976
22270
8663
17923
29128
29256
16208
7891
21992
29568
18207
10303
3417
12105
21932
284
12653
21312
13681
1807
31760
10287
26719
26710
15437
17540
24701
27623
29716
17153
11219
3265
826
20916
6022
7549
961
11562
3652
15655
15194
23520
13794
3660
17960
15866
4164
25684
24263
17719
9086
23314
26509
26917
27960
3226
6415
11153
9559
22867
31207
16706
5082
30285
949
13031
256
13780
6500
2637
28341
15941
12975
24533
24100
8992
24803
23590
31916
5215
4326
543
9466
6150
11896
21775
14707
508
3257
12073
28882
7705
14315
23602
22035
16512
5242
19581
656
12335
28473
29721
16747
8148
25327
10825
24363
10466
14098
7476
170
31973
7122
11742
28206
16659
26458
18519
22486
18467
14418
3123
11320
7778
8616
22841
16968
7171
17296
5216
23164
29110
30153
14583
15149
25469
26402
2595
27713
9659
22078
30862
22023
4238
18324
4190
18274
7519
23737
868
10026
25272
12514
9110
21711
597
24229
25024
31807
15741
4863
9334
24842
9107
20891
2893
25796
3816
20049
29259
19628
25555
749
18843
2698
17924
20531
5509
3294
14357
3360
10910
23094
22882
625
31292
31712
13851
19050
813
31681
23959
30928
15017
31109
13035
23352
388
6905
11196
7044
31144
23476
29009
10666
20419
764
6124
26039
19773
12009
24667
11028
18029
30660
14282
8456
14604
18098
27099
29823
12010
3222
14585
24330
14559
7731
20713
7974
5637
3730
18337
17857
23332
2211
8286
31994
11886
27686
1265
11305
27501
12748
10585
7455
17209
23194
3479
1711
11502
28303
4542
8301
14941
20102
4170
9141
9474
23902
29362
24047
10039
17495
29761
14354
30118
22207
1825
22375
27908
22735
4025
15248
18429
11728
27193
199
29034
12673
28274
5484
18122
16573
26092
17851
24304
13657
10290
6362
10489
22860
20849
3098
30593
5394
18241
20862
19479
23890
706
19064
30445
9150
16108
8180
24276
20282
15904
7063
1384
576
29187
9801
7048
7813
25228
4081
14858
2262
18779
1151
4780
18501
27212
21040
11597
11657
23116
25869
1373
18338
10347
7094
7058
443
7475
22877
20444
22101
1080
30997
6044
6818
13297
1613
25617
46
18374
24215
19730
25799
16490
8367
21507
29843
362
3256
21250
3717
19208
14792
27745
21752
25410
17575
3673
28560
14646
23508
24316
5992
24489
19657
9324
11884
21477
30336
74
26115
6596
17718
113
14578
24074
7023
742
15485
4855
19514
22279
3278
15133
2742
28683
22683
22128
29397
26283
20484
9628
3936
29724
31418
14235
316
3137
14694
30086
11243
26655
30281
8363
2901
5265
18719
30433
5833
22845
4682
28952
21823
3014
20780
20532
1760
9028
14805
27676
1992
8177
19934
30989
20490
6948
31892
14133
13556
4996
3674
16509
20373
18805
24392
26790
11389
16343
11544
25495
10436
13552
31811
9717
8270
10150
22631
13301
20812
15602
29676
21102
6406
6545
27367
20019
28121
1021
11582
19871
14971
25243
21518
24689
390
27190
26185
16858
22581
4268
20644
213
23400
6119
5296
695
23023
17679
29510
5127
260
6142
5673
31631
28697
5877
31975
17331
11477
653
12544
11778
6233
1520
1354
1291
18887
14152
25748
16498
29189
31864
29578
12099
11454
10251
2521
7301
25258
25193
18067
8723
8464
13137
17364
7591
2697
16259
11686
31800
17670
3773
16418
20358
2324
28137
28888
25075
13919
16789
18289
15508
4469
23715
10643
21384
3789
12098
7685
19592
20232
25117
19220
5056
12406
12754
13365
13021
6620
7845
31467
7784
25205
17526
9963
27986
31542
28400
14719
11984
15702
15876
4136
21097
526
28309
23175
22092
26526
7029
10109
12264
26512
2705
19858
8887
8768
23144
12947
31066
924
9154
13951
21739
9513
25502
17829
1679
4423
16748
22022
10058
19381
1404
21504
25112
17239
21431
16942
9273
4407
396
4234
10188
10443
1582
28372
3231
23926
6141
7736
29510
24912
8769
1579
20074
8490
20510
4246
24164
8653
453
4406
2826
17027
5351
15426
4041
2265
4463
28751
11765
22946
3696
22386
22876
17215
25436
9124
4897
15646
31096
27242
26312
129
20876
25525
15757
24193
4575
4102
31738
14162
12386
2519
7608
30408
3372
1591
17318
14874
4390
18612
26664
743
9480
3709
11714
7030
5252
13512
31717
4162
12736
7794
24072
25270
19722
7397
22779
22837
21704
24639
10872
4189
12717
12977
9980
12685
13107
804
10708
29348
8261
803
19323
17164
16443
23541
21027
18936
28684
16137
4242
6633
6079
21912
10031
15735
5155
21381
23389
334
26816
12680
30983
8055
19981
21131
29308
12249
28644
6228
12926
511
28722
11109
21653
17435
499
31264
14250
6987
12382
13103
7888
4380
9820
16163
21605
31309
2623
90
858
15061
16817
18472
15055
2854
12778
1070
20451
8884
20519
16142
4554
27569
5719
8514
1056
9243
12311
14152
4988
4089
29664
22018
30793
8418
31871
7773
15313
14014
30406
25649
5019
24017
30594
31848
1783
11765
28077
13923
4823
12070
1252
1177
16352
26436
3099
6273
24257
29973
13455
30131
24260
23690
15612
16458
29346
26691
23824
19084
30620
17492
1312
9677
21191
13898
17947
14992
14504
5737
30140
11248
4864
28216
25347
2622
30953
24640
12005
6380
27938
15632
7491
11177
22184
27012
29209
24270
26502
31303
12024
12025
26093
10391
17590
13303
2951
1096
3428
744
28425
1804
8832
31645
11272
27889
25452
1349
15629
30251
16415
328
15339
30228
7195
25460
31824
21361
23966
29271
13467
24055
28
19180
10477
7438
10478
21625
3203
31700
20805
27063
3395
30309
12385
4148
15764
11354
8967
16118
20595
31887
25904
30817
23492
3626
1791
15195
5349
27352
11765
4013
15241
3674
30312
12716
9924
3905
2353
8474
10338
17653
14758
5959
14973
3836
16328
10363
11087
8569
25277
5272
15172
31475
10112
2812
24915
26456
22487
26021
10639
13378
30085
8088
25081
31352
28097
2691
2457
8376
8424
1953
13773
31668
4719
18398
25056
12122
21787
22332
23774
13656
1908
30581
18855
11488
29815
3554
25923
22440
11403
10395
1909
26678
10934
24288
4499
1370
23057
4279
16276
9980
3961
18903
3947
12311
19336
19397
12948
27142
22723
829
15852
17663
6677
27859
3013
477
7549
11482
1082
10530
18179
24197
16320
29500
10224
24140
14334
1543
22078
5009
31455
11156
22606
131
5093
26153
30937
1860
8128
1416
5929
26439
15903
8564
18313
3579
21958
7538
22522
26541
24288
6605
3367
30123
10135
30172
11163
677
18147
18311
8498
30297
12703
27656
25293
3184
9698
5615
21066
29346
24716
31849
16564
4641
20767
4033
24758
2101
16337
22311
15702
4643
6623
23473
2272
28756
22563
17567
22559
1203
13289
2275
7635
12375
7679
23009
31328
13410
11275
11123
13252
6697
28705
47
27083
26261
28309
18670
23174
7369
9742
14981
19193
21508
24028
5334
26644
25801
11916
26636
13285
28990
30905
33
21259
19667
15909
6822
20078
1827
4360
1724
7469
7711
3495
27237
2776
7017
4649
31233
19936
8446
10406
1811
25163
10520
22402
24389
31916
82
19449
7340
10579
10510
4858
19276
27585
27412
21561
2015
29279
27260
17280
31698
12911
13005
15429
23185
66
15206
15234
17412
30635
284
11201
12377
18613
24871
14198
18693
15505
30776
5522
21253
1746
24810
1109
3690
14045
15971
26212
12052
23962
6194
13851
21182
15216
8315
17188
6203
2673
9556
28233
15358
14545
12654
22406
24032
10141
8184
12899
21534
16809
10176
13441
12193
458
8604
21106
21891
10054
3592
16077
20942
27529
7696
24450
18311
9242
17265
11628
8683
19917
3067
12837
27384
5689
19513
6174
27439
3180
23892
239
30361
18910
29237
5611
2824
10148
18410
1784
9119
21478
13643
27550
26004
23443
24029
14941
2613
31827
3062
19012
10793
21182
30242
4799
19961
14539
29638
7601
26575
26763
25859
24514
6781
14103
20957
27387
29120
31687
1181
12176
28614
30628
9075
16124
5103
20768
3424
17747
16081
30725
338
11476
6014
1452
16019
8126
22025
28015
24924
23654
5958
4448
22221
3973
7634
3900
21762
10454
9299
22938
23677
24033
9473
29032
23498
20241
14950
21400
13922
781
96
28439
13009
11333
1137
14079
5140
27851
26672
9485
25157
3173
28958
16469
9850
21728
21152
31796
7658
2215
5961
903
10321
10132
8791
17434
30102
30213
27265
20068
13995
31283
20976
23921
21942
25535
16267
6943
31086
4494
23927
29837
22471
10711
8414
4817
7121
30842
495
19433
25309
1940
29480
8180
5347
9808
15057
5795
7200
20992
27080
4330
16387
13676
15491
25339
10058
12905
19282
19060
17769
10670
741
5335
14123
29924
1551
2620
21147
18172
23753
28738
28197
26309
5242
14667
8953
30654
13686
13289
3760
17705
12740
20115
22578
17248
12580
17309
31703
15212
24144
16743
8908
21716
6531
25300
2489
29107
13368
3069
15008
4365
6708
550
7689
11107
3014
15859
10076
15749
19790
2773
8334
30120
28668
7879
22783
14008
6106
26431
15267
26096
25357
24670
4193
13991
22104
24426
27832
26733
29409
24958
6056
11094
22840
12928
25808
7830
7573
84
19156
7502
12641
11855
14593
19878
1528
31983
28724
9756
19630
22985
25335
23836
30736
27586
24814
30416
25196
12162
4466
25913
15763
14374
379
28287
12253
26677
18627
19845
17006
14038
2600
16577
1208
21824
21330
31563
2369
18545
8087
11315
8102
19235
539
4120
28641
3068
15164
16630
23239
7173
15661
14400
17364
8541
25568
14127
10283
8751
25642
2393
9945
31713
13858
21893
24154
23182
457
28862
17246
17591
15601
26534
21709
3893
15703
12813
20744
19826
6675
17602
20594
4569
18738
30121
26927
4747
416
26126
16427
1620
25933
26425
11102
19933
29576
3395
18767
15651
24239
25640
12759
6439
29193
31516
9256
7656
19699
14883
22029
8334
19514
13788
18548
8680
8905
30109
17705
25880
25988
24517
27108
24205
3699
16462
25734
3890
15139
7586
17568
8165
10825
20400
1589
20779
15529
3390
14785
4898
53
25473
28025
22967
29819
19435
15317
280
19257
21572
9036
22125
82
3324
2910
6339
13797
12736
6872
1608
22971
16459
17236
18878
11490
29055
9727
23594
28311
18612
13727
11980
11882
11600
14804
12628
2460
17047
6045
2131
22476
29125
799
2032
2770
23130
417
18140
17900
7350
19165
23944
28696
13029
11379
9621
17856
19388
10941
3468
11676
23589
11210
21711
21717
23223
4516
17359
22118
22922
15573
13440
29128
29257
6186
521
5326
14472
4535
7874
15566
9816
9499
9048
29441
14105
23302
16977
26668
9360
25080
7352
29568
31290
9291
3345
30911
29407
626
4495
31137
21609
133
9863
22134
15863
18934
9507
524
7214
1701
31323
11475
14287
3612
18977
11071
4751
7699
21212
7022
1571
19766
9496
3595
22938
6953
892
13938
16623
16840
507
26133
31455
11187
9040
22302
248
13322
18340
2646
242
4981
22417
15429
322
7784
10316
13723
3822
14501
11805
31438
16028
8706
9747
7941
13549
108
2039
15925
21520
19244
21630
25225
6290
31593
5058
22792
11123
9710
6131
14706
23167
25134
22602
9578
27355
8837
30783
730
31199
25025
20220
13716
24611
18913
785
7221
19165
14365
3689
21583
617
16934
15997
2503
41
8366
1223
21883
29073
9003
11130
28456
12923
4312
17008
13964
12992
6909
22628
22471
9481
17521
21601
3847
16610
25181
890
20324
24080
6722
11964
20745
23076
318
19809
19093
31824
16523
10054
22977
19322
25416
31648
24386
2703
12668
745
20977
20250
15448
19234
19753
26133
699
308
24176
31486
15613
21175
22106
13614
29414
9431
8363
16231
5884
30098
26556
28076
29702
20520
1824
30037
20941
26060
4486
27490
18977
7840
28129
15
28444
14048
20423
5802
9899
15453
3863
27810
24393
46
8927
6880
526
20642
17277
20058
17897
3961
30724
11493
18474
30803
4833
28490
3651
11112
25022
24989
21711
20602
5286
15818
20435
26120
8298
5233
16452
4293
8260
14324
714
583
31419
24014
31684
13829
19910
27174
1164
22396
26164
6563
15868
15536
17995
130
27697
29147
687
230
16270
27488
25735
22129
12036
1793
21466
16657
18321
11602
9535
17180
5383
10093
30645
20639
2063
31976
26576
14834
108
28164
28950
6032
19078
24103
423
10277
29471
17037
28453
21737
27751
26938
4043
20525
4408
11315
21215
563
11162
25837
17743
14403
14217
13318
1943
18939
17144
28979
19937
10471
3861
22394
11120
3666
22223
16801
11582
15195
24213
2790
2020
586
12641
26608
23739
30757
12022
19462
23105
16767
20326
11903
15294
1425
16342
17529
27687
9356
15493
718
20546
26157
19467
31812
31755
27025
16351
28676
22359
18251
7708
7246
30135
6580
22661
10602
9631
24450
29894
16610
31431
27804
2557
9454
22482
23853
14200
23600
15150
16119
30912
17825
21307
25835
31447
10444
7599
6390
22207
5690
5689
8221
21819
11309
14436
17612
8154
5009
22719
23403
816
18735
6459
30003
9831
1828
31956
13632
23543
25233
24179
31719
28593
29077
20243
23625
5634
3448
7971
4136
24694
1321
5932
24058
23419
21483
9140
9532
14696
12363
30818
1289
11965
1877
28259
20715
25516
14343
8715
18417
7897
8966
5056
16898
3423
25232
20500
18288
19475
16050
25393
18128
5644
12731
7034
23818
15459
4336
24431
25516
19255
11649
6865
14724
755
444
1799
31085
29909
16001
21185
4969
9640
19702
27867
31728
12754
6267
30340
25992
657
13537
8351
14486
9354
13526
30825
15732
14203
17572
26461
11459
28496
23836
27221
6659
13150
8908
17393
27745
234
17785
11836
22991
18923
29641
20365
6234
12562
14143
30380
14776
18184
19564
25142
25889
11511
19300
5955
25441
16459
13424
2885
12586
13242
13570
9524
2990
14721
14574
23016
11117
8945
7126
26566
8524
6443
3814
30110
2536
21288
1730
6356
2857
27900
17853
1726
20506
17499
22092
30030
30456
347
2490
28401
9609
6781
20253
7606
14254
14055
30344
20915
15420
27124
13442
18085
13320
21743
31159
27862
18241
21531
29422
14660
25859
28662
17723
16639
296
29630
23158
9171
25698
19765
20971
2599
17031
6562
26963
14885
2859
1048
29188
2075
10356
22778
9828
9761
8234
29375
29603
5885
19214
25587
2986
18499
5741
638
21326
6081
1012
14377
202
18457
23494
15454
363
10416
17612
6959
25998
29895
14156
11675
9672
11752
189
26380
11364
30084
14299
7203
8210
10714
5110
9912
1245
18970
12943
2845
23646
26059
26662
675
5680
7018
20813
3936
25764
27220
27905
46
18869
23526
12602
29687
28734
18402
19905
560
9578
14356
4418
11940
1644
12086
9378
13427
13937
22290
4242
9306
12499
23014
16741
14389
2960
27404
29
15810
15866
17114
717
4519
16304
4552
12829
19383
5068
11984
11814
113
5214
