32000
31827
31290
31242
31256
31782
31960
31760
31944
31243
31453
31966
31384
31827
31327
31824
31970
31780
31429
31889
31871
31213
31573
31653
31207
31913
31703
31468
31685
31981
31865
31282
31362
31975
31334
31235
31292
31631
31727
31824
31967
31754
31420
31358
31713
31723
31455
31826
31296
31359
31978
31429
31994
31455
31584
31204
31330
31681
31316
31352
31978
31763
31678
31706
31719
31283
31525
31190
31843
31438
31199
31119
31630
31184
31663
31811
31608
31892
31812
31983
31700
31714
31159
31849
31634
31840
31676
31410
31388
31418
31919
31418
31980
31418
31916
31980
31349
31486
31455
31648
31771
31143
31722
31486
31728
31467
31477
31662
31959
31476
31154
31391
31648
31621
31379
31668
31993
31563
31415
31184
31118
31725
31864
31175
31916
31173
31118
31177
31919
31620
31887
31848
31620
31439
31727
31849
31128
31190
31621
31366
31185
31980
31805
31431
31109
31144
31644
31668
31712
31182
31985
31645
31807
31328
31121
31647
31458
31906
31908
31954
31370
31535
31591
31461
31985
31976
31138
31308
31925
31516
31303
31941
31100
31137
31585
31626
31158
31419
31800
31802
31908
31796
31839
31591
31107
31684
31132
31193
31584
31714
31667
31504
31490
31379
31956
31995
31593
31583
31597
31867
31523
31444
31895
31447
31902
31309
31352
31323
31969
31041
31069
31490
31581
31904
31525
31001
31506
31304
31585
31087
31393
31033
31767
31542
31942
31066
31076
31013
31025
31755
31547
31571
31475
31211
31878
31636
31762
31833
31446
31403
31066
31540
31717
31053
31832
31997
31721
31061
31243
31521
31501
31735
31220
31077
31482
31713
31755
31020
31028
31492
31086
31503
31007
31260
31526
31233
31400
31063
31232
31508
31761
31021
31925
31052
31431
31687
31857
31665
31698
31733
31275
31206
31541
31407
31973
31658
31738
31026
31096
31006
31872
31963
31524
31244
31075
31007
31085
31524
31402
31536
31614
31773
31264
31826
31678
30443
30673
30121
30579
30787
30627
30367
30336
30251
30912
30123
30551
30745
30989
30972
30724
30344
30391
30329
30928
30237
30914
30301
30717
30836
30102
30803
30120
30379
30130
30340
30611
30167
30109
30323
30416
30387
30635
30203
30619
30609
30768
30168
30997
30951
30778
30396
30153
30817
30245
30743
30777
30963
30441
30909
30711
30816
30455
30825
30579
30566
30558
30274
30361
30818
30260
30321
30546
30722
30563
30223
30156
30852
30979
30746
30172
30983
30157
30292
30620
30135
30568
30998
30990
30186
30767
30508
30568
30185
30163
30252
30409
30152
30645
30102
30905
30155
30398
30581
30617
30124
30783
30408
30406
30615
30767
30626
30448
30868
30911
30040
30320
30649
30776
30548
30479
30233
30312
30447
30086
30131
30756
30937
30714
30362
30637
30735
30628
30098
30775
30839
30585
30811
30757
30581
30507
30350
30113
30996
30309
30329
30366
30152
30593
30309
30797
30893
30438
30234
30010
30380
30302
30070
30578
30636
30654
30087
30075
30902
30281
30725
30245
30228
30363
30594
30582
30215
30919
30075
30181
30052
30829
30423
30224
30131
30645
30054
30793
30827
30935
30374
30297
30544
30238
30118
30256
30793
30734
30660
30654
30627
30719
30451
30431
30757
30617
30234
30914
30956
30560
30226
30587
30212
30624
30057
30650
30821
30277
30976
30213
30452
30793
30262
30039
30085
30577
30595
30001
30230
30862
30211
30472
30981
30445
30491
30009
30618
30893
30342
30037
30050
30110
30032
30031
30524
30482
30561
30350
30292
30571
30645
30045
30711
30125
30837
30020
30734
30280
30565
30701
30084
30708
30327
30482
30933
30842
30507
30091
30191
30045
30791
30003
30049
30596
30529
30076
30433
30340
30906
30663
30072
30867
30897
30631
30919
30950
30816
30230
30896
30700
30492
30242
30200
30776
30140
30076
30070
30736
30416
30826
30373
30953
30265
30319
30236
30571
30650
30456
30465
30449
30030
30285
28722
28727
28025
28051
28779
28019
28974
28755
28022
28046
28097
28728
28015
28077
28078
28778
28069
28055
27910
27854
27960
27635
27486
27851
27472
27488
27616
27918
27663
27890
27452
27859
27456
27683
27687
27842
27745
27422
27844
27464
27844
27480
27899
27746
27668
27926
27646
27410
27762
27412
27445
27614
27412
27449
27477
27658
27702
27445
27417
27468
27691
27742
27641
27478
27464
27607
27404
27490
27439
27403
27832
27646
27482
27749
27745
27438
27407
27431
27833
27332
27368
27908
27387
27358
27327
27367
27905
27366
27648
27626
27333
27389
27689
27641
27609
27312
27374
27344
27384
27355
27663
27385
27312
27319
27705
27349
27696
27318
27906
27329
27365
27900
27902
27345
27304
27381
27902
27958
27623
27339
27889
27349
27335
27813
27303
27817
27379
27642
27398
27647
27819
27888
27352
27656
27388
27376
27644
27625
27364
27298
27268
27810
27247
27248
27586
27252
27220
27242
27244
27292
27598
27995
27804
27202
27998
27265
27237
27266
27556
27876
27219
27784
27299
27676
27686
27212
27583
27802
27260
27282
27880
27885
27216
27212
27917
27212
27253
27780
27256
27745
27656
27221
27974
27226
27933
27259
27242
27684
27205
27558
27207
27871
27738
27201
27257
27550
27190
27780
27879
27134
27938
27792
27986
27964
27512
27145
27594
27132
27132
27174
27175
27142
27862
27985
27730
27198
27735
27185
27112
27569
27697
27793
27521
27193
27168
27562
27566
27754
27155
27107
27176
27180
27102
27745
27692
27919
27157
27120
27103
27509
27926
27124
27932
27108
27659
27867
27041
27028
27079
27089
27869
27080
27751
27059
27547
27920
27083
27774
27792
27538
27537
27529
27554
27585
27575
27055
27725
27868
27650
27068
27061
27572
27005
27924
27720
27085
27938
27930
27065
27038
27020
27986
27099
27028
27931
27025
27034
27852
27089
27012
27010
27063
27040
27518
27077
27018
27667
27093
27713
27063
27038
27003
27501
27035
27044
26628
26272
26872
26380
26619
26944
26586
26232
26239
26265
26312
26232
26459
26232
26287
26469
26232
26789
26636
26669
26421
26384
26312
26436
26678
26374
26800
26655
26289
26461
26854
26850
26884
26439
26475
26526
26212
26600
26948
26537
26315
26637
26400
26630
26664
26315
26599
26218
26458
26637
26297
26492
26236
26211
26576
26374
26555
26116
26144
26141
26762
26557
26181
26189
26601
26177
26115
26174
26685
26566
26828
26188
26133
26347
26133
26669
26515
26377
26358
26131
26344
26677
26661
26943
26135
26185
26641
26307
26443
26827
26708
26589
26541
26712
26578
26913
26838
26556
26406
26174
26309
26927
26909
26623
26733
26140
26820
26709
26816
26681
26864
26112
26302
26184
26110
26112
26882
26431
26173
26368
26536
26309
26110
26509
26341
26126
26832
26534
26102
26402
26397
26446
26898
26743
26589
26691
26917
26816
26502
26187
26896
26659
26506
26897
26425
26608
26128
26332
26688
26626
26157
26568
26137
26459
26637
26138
26811
26339
26583
26865
26120
26531
26504
26393
26681
26751
26164
26666
26672
26624
26153
26710
26130
26839
26195
26935
26505
26758
26955
26372
26662
26683
26333
26019
26691
26093
26062
26813
26076
26833
26543
26655
26215
26518
26011
26903
26275
26092
26726
26813
26637
26547
26853
26724
26060
26419
26061
26790
26892
26242
26333
26728
26004
26262
26359
26211
26728
26237
26790
26385
26594
26024
26644
26017
26661
26639
26207
26938
26456
26298
26963
26006
26216
26719
26332
26997
26208
26059
26233
26261
26831
26096
26765
26876
26558
26668
26353
26496
26658
26763
26240
26299
26720
26239
26258
26728
26753
26038
26053
26995
26575
26475
26937
26556
26937
26335
26886
26379
26283
26707
26295
26448
26611
26537
26790
26932
26059
26767
26719
26572
26046
26347
26624
26000
26039
26807
26630
26316
26008
26021
26014
26254
26846
26512
26713
26094
26713
26712
26902
26763
26061
25199
25556
25114
25319
25697
25452
25913
25313
25535
25954
25330
25632
25783
25165
25888
25149
25374
25998
25117
25130
25196
25869
25701
25163
25312
25112
25495
25572
25568
25925
25799
25317
25814
25752
25138
25748
25393
25681
25181
25733
25142
25908
25137
25563
25869
25795
25724
25198
25765
25300
25182
25967
25519
25698
25421
25541
25779
25188
25773
25555
25163
25799
25691
25864
25458
25516
25797
25904
25497
25309
25557
25426
25516
25148
25193
25784
25382
25988
25975
25683
25727
25364
25104
25466
25515
25816
25704
25444
25300
25335
25819
25491
25815
25169
25151
25616
25596
25469
25896
25642
25182
25150
25557
25616
25838
25127
25772
25339
25808
25127
25801
25617
25157
25807
25441
25804
25416
25681
25803
25131
25153
25464
25320
25468
25965
25188
25376
25801
25796
25100
25334
25837
25803
25801
25496
25515
25794
25923
25128
25253
25835
25724
25889
25413
25806
25104
25880
25160
25228
25270
25469
25134
25807
25491
25410
25508
25137
25159
25629
25255
25673
25630
25180
25144
25643
25400
25290
25808
25838
25534
25660
25859
25023
25913
25722
25257
25077
25081
25532
25836
25232
25800
25852
25859
25577
25744
25928
25039
25233
25208
25836
25966
25933
25205
25293
25211
25258
25792
25509
25056
25760
25891
25473
25910
25823
25993
25525
25018
25243
25264
25985
25711
25928
25890
25533
25205
25283
25645
25240
25496
25272
25460
25605
25408
25238
25786
25022
25208
25541
25734
25369
25032
25330
25322
25621
25890
25357
25032
25235
25649
25604
25095
25036
25574
25225
25599
25757
25076
25568
25587
25230
25692
25735
25902
25746
25399
25909
25640
25399
25277
25327
25768
25024
25086
25992
25025
25237
25385
25856
25245
25203
25385
25281
25690
25820
25576
25075
25684
25397
25023
25768
25551
25564
25502
25929
25965
25061
25942
25017
25299
25011
25255
25764
25347
25453
25090
25436
25665
25039
25847
25006
25554
25655
25433
25341
25650
25555
25736
25080
25347
25264
25336
25005
25090
25236
24526
24524
24949
24876
24871
24534
24871
24721
24505
24723
24758
24893
24584
24862
24560
24453
24869
24722
24942
24782
24431
24750
24457
24753
24456
24971
24481
24715
24948
24715
24457
24426
24421
24892
24454
24453
24867
24711
24949
24428
24450
24450
24949
24483
24491
24710
24946
24416
24461
24465
24716
24464
24989
24417
24474
24715
24891
24856
24934
24460
24489
24403
24970
24408
24705
24403
24930
24465
24476
24431
24466
24749
24389
24785
24363
24392
24709
24760
24363
24885
24380
24935
24328
24392
24842
24844
24391
24701
24397
24760
24706
24388
24366
24701
24340
24386
24621
24393
24381
24351
24316
24348
24848
24840
24673
24317
24340
24379
24921
24324
24376
24351
24689
24333
24379
24967
24640
24620
24309
24926
24390
24667
24838
24354
24667
24330
24993
24690
24371
24304
24620
24353
24837
24333
24328
24670
24660
24833
24636
24274
24669
24924
24672
24267
24250
24212
24220
24278
24260
24244
24205
24822
24266
24263
24240
24208
24922
24897
24286
24229
24209
24224
24244
24254
24278
24205
24207
24219
24288
24981
24657
24271
24989
24239
24611
24215
24260
24270
24288
24824
24257
24694
24639
24213
24655
24293
24675
24912
24239
24276
24206
24293
24229
24605
24202
24231
24289
24632
24814
24148
24176
24634
24142
24888
24817
24915
24179
24668
24812
24810
24164
24140
24163
24197
24811
24164
24177
24140
24812
24601
24178
24695
24602
24112
24154
24803
24144
24117
24806
24199
24193
24170
24958
24109
24104
24178
24182
24125
24514
24102
24100
24957
24880
24553
24162
24901
24517
24103
24183
24150
24163
24103
24553
24555
24951
24109
24518
24104
24195
24021
24564
24900
24519
24028
24734
24514
24051
24081
24080
24034
24906
24014
24026
24559
24540
24902
24737
24016
24012
24958
24578
24557
24058
24564
24032
24517
24055
24072
24780
24525
24556
24072
24512
24017
24580
24033
24039
24038
24584
24570
24036
24541
24010
24953
24074
24024
24768
24084
24073
24049
24029
24507
24772
24031
24533
24552
24505
24598
24087
24763
24047
23481
23311
23897
23654
23933
23328
23677
23926
23492
23317
23576
23384
23363
23395
23480
23927
23989
23836
23337
23833
23875
23788
23892
23305
23921
23364
23728
23367
23396
23492
23450
23302
23754
23658
23642
23984
23620
23480
23372
23389
23688
23638
23415
23308
23883
23756
23715
23883
23944
23749
23866
23242
23239
23715
23291
23508
23262
23871
23836
23690
23498
23479
23267
23224
23856
23504
23442
23410
23832
23443
23590
23419
23928
23461
23233
23272
23853
23999
23578
23766
23924
23251
23618
23611
23751
23824
23699
23543
23520
23888
23744
23268
23449
23483
23719
23259
23659
23233
23745
23917
23919
23233
23474
23221
23272
23282
23822
23280
23223
23238
23816
23298
23962
23793
23239
23911
23551
23203
23914
23605
23235
23213
23966
23400
23881
23717
23134
23119
23130
23167
23195
23174
23401
23165
23779
23646
23172
23144
23818
23115
23709
23473
23116
23117
23432
23157
23626
23453
23988
23179
23705
23761
23430
23403
23138
23154
23175
23494
23455
23774
23473
23887
23938
23403
23403
23915
23608
23169
23602
23476
23645
23603
23176
23193
23600
23625
23880
23164
23705
23437
23185
23409
23185
23806
23722
23124
23170
23776
23182
23952
23191
23601
23890
23332
23855
23166
23168
23105
23594
23802
23332
23158
23108
23194
23902
23153
23722
23350
23500
23387
23763
23188
23431
23889
23139
23977
23780
23766
23533
23994
23531
23765
23101
23774
23732
23553
23024
23430
23501
23902
23023
23512
23084
23009
23541
23793
23008
23057
23553
23510
23019
23579
23513
23039
23592
23732
23515
23767
23776
23093
23577
23753
23312
23549
23005
23347
23033
23059
23352
23069
23518
23094
23471
23959
23066
23516
23031
23063
23016
23574
23452
23589
23014
23515
23079
23739
23569
23765
23520
23314
23730
23737
23785
23774
23060
23064
23471
23565
23093
23749
23025
23584
23875
23943
23002
23006
23795
23950
23506
23736
23489
23526
23045
23076
23311
23773
22221
22445
22425
22885
22997
22859
22409
22916
22661
22653
22304
22921
22184
22661
22356
22750
22776
22922
22896
22359
22981
22682
22365
22563
22673
22706
22762
22396
22723
22128
22801
22389
22751
22311
22440
22952
22125
22602
22170
22938
22203
22129
22232
22889
22623
22597
22985
22629
22401
22414
22643
22386
22706
22175
22207
22101
22453
22405
22173
22163
22855
22318
22501
22852
22365
22121
22160
22100
22806
22325
22967
22339
22276
22680
22823
22394
22787
22141
22476
22748
22662
22608
22680
22563
22922
22453
22269
22236
22684
22981
22129
22384
22260
22647
22185
22860
22803
22633
22184
22104
22417
22941
22359
22248
22946
22809
22203
22195
22548
22581
22410
22106
22128
22949
22107
22330
22155
22487
22719
22207
22907
22631
22134
22279
22853
22971
22646
22172
22375
22411
22326
22544
22129
22730
22153
22837
22124
22938
22277
22773
22537
22417
22822
22942
22628
22109
22146
22900
22481
22048
22330
22373
22476
22733
22683
22011
22681
22315
22882
22841
22014
22840
22452
22289
22527
22450
22845
22902
22547
22762
22634
22484
22332
22735
22379
22931
22212
22977
22334
22203
22095
22359
22001
22396
22655
22778
22471
22753
22588
22256
22230
22493
22856
22469
22521
22783
22029
22290
22314
22587
22697
22339
22021
22342
22311
22522
22270
22552
22289
22715
22092
22245
22466
22877
22223
22288
22745
22714
22240
22755
22078
22406
22978
22233
22080
22058
22559
22874
22546
22005
22608
22402
22192
22022
22585
22471
22303
22863
22011
22578
22606
29998
22245
22201
22323
22118
22770
22671
22598
22486
22630
22721
22895
22742
22053
22991
22792
22302
22775
22482
22899
22098
22341
22707
22346
22476
22840
22511
22335
22071
22598
22863
22991
22087
22602
22779
22845
22086
22783
22867
22985
22851
22045
22026
22258
22308
22361
22849
22167
22118
22018
22529
22199
22672
22407
22931
22096
22092
22294
22439
22018
22078
22938
22025
22242
22099
22056
22023
22081
22092
22825
22876
22035
21780
21405
21506
29998
21224
21883
21752
29998
21825
29989
29983
29982
21384
29977
21823
21704
29974
21243
21245
29973
29976
29972
29971
29970
29963
29969
21823
21828
21503
21926
29967
21459
21788
29954
21331
29952
21380
21709
29954
29953
29946
21330
29936
21554
21653
21248
29928
21320
21288
29927
29924
29926
21428
29919
29914
21325
29913
21320
21215
29914
29909
21973
21824
21703
21701
21949
29895
21630
21875
29894
29894
29869
29861
29862
21864
21698
29863
21212
29853
29854
29858
29850
29843
21389
21280
29846
29840
29843
29837
29897
21942
29838
29823
21709
29825
21256
29823
29824
21282
29827
29824
29818
21526
21449
29814
21444
21965
21315
21235
29815
21695
21250
21233
21507
29819
21489
21501
21653
21413
29800
29805
21413
21912
29770
21995
21202
29768
21466
21361
21310
21600
29772
21819
29735
29733
21384
29737
21314
21259
21600
21965
21177
29798
29773
29751
29756
29721
21312
29759
29722
29724
29726
21720
21719
29746
21956
29788
21118
29761
29716
21963
21749
21314
21152
29740
29740
21437
21891
29740
29701
21687
29706
21168
29784
21605
29702
29708
29647
29628
21131
21152
21163
21311
29676
29661
21871
29660
21198
21508
21175
29632
21161
21810
29616
21645
29638
21859
29617
29619
21673
29639
29675
21342
21818
21321
29610
29693
21413
29687
21137
29611
21953
29672
21648
29635
29603
21625
21672
29672
29630
21151
21609
29641
21171
21927
29629
21317
21477
29674
29601
29648
21147
21345
21804
29687
21431
29664
29680
21929
21178
29680
29603
21754
29643
21891
21165
29576
21982
29517
29557
21640
29597
29518
21312
29559
21195
21394
29567
29537
21182
29510
21182
29512
21313
29586
29543
29597
21119
29561
29552
21345
21928
21601
29523
29510
21807
21108
29581
21803
21175
29578
21175
21191
29576
21100
29511
29596
29539
21922
29507
21498
29500
29586
29591
21507
29588
29528
21379
29577
21834
21106
29595
29592
29568
29525
21452
21719
21921
21621
21134
29568
29574
29520
29435
29493
21711
21397
29498
29437
29436
21387
29485
29478
21839
21927
29458
21556
21348
29471
29422
29470
21904
29499
21572
29424
29422
21415
29425
29462
29489
29495
29445
21596
29494
21640
29441
21307
21168
29480
29412
29416
29461
21625
21688
29414
21893
29445
21478
21765
21719
21982
21338
29440
21534
21556
21135
21104
21382
21787
21932
29483
21977
21326
29407
29405
21120
21381
21137
21958
21102
29409
21402
29460
21620
21185
21711
21711
29493
21932
29405
29465
21932
21067
29433
29372
21483
29381
29339
29395
29362
21775
21728
21525
21390
21363
29338
29311
21999
21008
21534
29365
29390
29387
21059
29318
29339
29345
29391
29348
29346
21054
29314
21893
21956
29392
21518
21445
21762
21699
29339
21040
29306
29346
21576
29308
21482
21737
21406
29348
29321
21851
29365
21717
21832
21833
21330
21900
21732
21545
21098
29307
21877
29300
29397
21516
29392
21939
21728
21308
21583
29375
21473
21527
21066
29393
21670
29254
21027
29241
21217
29210
21797
21941
21564
21924
29242
21294
29271
29257
29228
29236
21253
29237
29279
21020
29205
29265
29245
21615
29271
21504
21400
29218
21533
21520
29259
29288
21783
21003
29235
21097
29253
21011
29251
29209
29238
29256
29212
21223
29115
21781
21734
29153
21834
21277
29188
29130
21091
21248
21035
21976
21554
21963
29187
29197
29110
21404
29189
21992
29112
29194
29125
21739
29110
21873
21244
29190
21716
29159
21244
29147
29189
29163
29107
29157
21498
21243
21523
29176
29176
29128
29187
29162
29193
21058
29127
21054
29106
21972
21580
29128
29120
21531
21743
29120
21596
21650
21779
21653
21739
29109
21424
29176
21038
29086
29012
21241
29034
21254
21009
21536
29075
29085
21227
29077
21401
21273
21493
29094
29087
21506
29051
21677
29009
29083
29081
29019
21501
29044
29015
29073
21686
21986
21478
21090
29054
29032
21400
29069
29062
21292
21561
29098
29067
21504
29037
21938
29055
29096
20644
29004
29096
29074
29043
20621
29034
29015
29003
20582
29022
20654
20102
20823
29039
20805
29051
29092
20455
29004
20999
20479
20768
28932
20720
20780
20848
20941
20316
28776
20293
28711
20138
20322
28923
28767
20813
20779
28923
20837
28926
28774
28706
28706
20483
28745
28744
28704
28705
20196
20384
20812
28744
28922
28760
28785
20636
28652
28640
20519
28697
28672
20843
28682
28662
20881
28624
28649
28640
20715
20261
20914
28644
28990
20423
28659
28689
28910
28990
20172
20915
28913
28616
28695
28911
20179
28634
20373
28614
28668
20556
20326
20679
20119
20891
28696
20936
20977
28668
28638
20174
28650
20713
28979
28697
28684
20551
28906
20367
20374
20672
20817
28610
20647
20696
28909
20849
20347
28683
28641
20318
28601
28600
20358
20965
20637
28684
28907
20561
20115
20447
28699
28645
28608
20220
20343
28676
20845
20971
20747
28664
28648
28626
20264
20535
20642
20371
20181
28645
20793
28902
28604
20777
28874
20837
28879
28569
20501
28578
28878
28873
28538
20102
28549
28872
20966
20598
28536
28591
20180
28581
20813
28593
20127
20532
20891
28536
20177
20770
28578
28519
28875
28899
28875
28871
20132
20715
28870
28862
28531
28866
20194
20490
20344
20306
20146
20196
28529
28587
28558
28575
20745
28893
28587
28542
20816
28508
20721
28520
28558
20500
20887
28596
20751
28525
20324
20224
28524
20600
20962
20767
28562
20881
28560
20232
20489
28854
28453
20639
20282
28452
20064
28455
28496
28423
20338
28457
28456
20246
20780
20190
20074
28451
28450
20720
20566
28483
20760
20744
20077
28425
28967
20369
20365
28420
20735
20021
28450
20315
20720
28415
28444
28845
28444
20853
20526
20375
28419
28412
28849
20235
20161
20484
28414
28843
28418
20298
28957
20400
20688
20014
28473
28463
28849
20941
20061
20049
28494
20848
28887
20487
28403
20026
20977
28473
28400
28439
20515
20380
28490
20084
28831
28832
28834
28486
20976
20589
20353
20787
20629
20527
20077
20782
20139
28401
28353
20238
28328
28335
20019
20075
20223
28827
20791
28952
28341
28826
20068
20593
28388
20058
20217
20629
28954
28888
20283
28391
20661
20644
28311
20525
20063
20560
28312
20232
28375
20810
28364
28330
28312
28882
28303
20731
20271
20449
20440
28958
28957
20036
28309
20037
28344
20324
20111
20018
20644
20987
20654
28882
28330
28302
28348
28309
28306
20456
28953
20984
20053
28332
28818
28372
20211
20451
28307
28886
20937
28214
28252
28259
28818
28815
28266
20839
28269
20836
20557
20515
20165
20082
20753
20506
28290
20957
28290
20093
28950
28207
28297
28806
28287
28242
20510
28252
20923
28244
20852
20920
28295
20434
20501
28222
28205
28233
20078
28946
28224
20821
20699
20965
20589
28942
20269
20357
20916
20772
20285
28803
28216
20992
28224
20643
28263
28206
28297
28231
20742
20912
20639
28784
28242
28239
20584
28233
20070
28274
28276
20219
20873
20421
20060
28298
20019
28269
20394
28787
28792
20634
20250
28156
28111
20873
28943
28146
28195
28167
28141
28152
28797
28158
28116
20918
20073
20739
28119
28738
28137
20086
28185
20420
28757
28175
28111
28161
20841
20531
28757
20079
20798
28161
28949
20208
20973
20113
20533
28179
28119
20219
28197
20433
20744
28129
28175
20017
20603
20725
28173
28121
20602
28167
28734
20173
20243
20258
28730
28797
28146
28129
20520
28732
20507
20182
28946
20870
20444
28167
20730
20176
28143
28937
28101
20435
28106
20049
28191
20419
20591
28751
28172
28756
28191
20009
20093
20054
20253
28102
28149
20584
20789
20531
20326
28146
28164
20592
28195
20128
20104
20594
20935
20863
28772
28076
20283
20500
20942
28079
20216
28071
28725
28782
20178
20595
20358
20241
28782
28009
20892
28002
28056
20477
20790
20876
28006
20862
28069
28753
28724
28994
20546
20761
20521
20107
15313
18532
15814
15618
15776
18964
15149
15354
15184
18545
15731
15866
18501
15597
15397
18507
15195
19968
19581
15550
15185
15171
18543
19968
15321
18585
15766
15317
18548
18855
15485
15541
18891
15536
15195
15429
15426
18501
15869
18472
15995
15708
15704
15929
15171
19582
19508
15471
15425
18455
15818
18856
15529
15177
15493
19505
18455
15810
18456
15650
15171
15544
15779
15516
18430
18437
18499
15904
15196
15612
15925
15990
15815
15184
15164
15454
18429
18425
15702
18855
15813
19591
15170
15580
15345
18960
15470
15723
15450
18480
15864
18429
18967
15308
15612
18846
18492
18889
15187
15450
15358
15300
15863
15308
15429
15121
15143
19837
15959
15550
15144
15634
18457
15990
18450
18463
15420
15749
15783
18410
15191
18982
18417
15789
15924
18461
15306
19989
18441
15485
15831
15703
15194
15419
19826
18887
18416
15170
18843
19952
18419
15810
18410
15527
15444
15866
15661
15176
18474
19564
15414
15195
15836
15108
18417
15180
15336
19592
18447
15767
19828
18402
18832
15173
15416
18402
15339
15443
18405
15833
15101
19571
19959
15491
15323
15785
15137
15169
18464
15609
18460
18467
15150
15757
15228
15584
15702
15212
15741
15413
15107
15508
15248
15977
18463
15959
15133
15474
15986
15837
19980
19507
19530
15267
15172
15448
15895
18473
15873
15509
18437
15180
15684
18435
15802
18998
18439
18839
19500
15101
18472
15139
15521
15247
15466
15109
18488
15986
15253
15603
18956
18329
18385
15483
15571
15473
18324
19547
15857
15130
18398
15691
15859
15639
18981
15468
15222
15963
15657
15079
15879
18359
15033
15852
18836
15677
15601
15074
15073
15632
18827
15061
15852
15640
15090
15993
15641
15834
15918
15298
15629
15876
15014
18338
15854
15280
18311
15676
15655
19551
18311
15294
18317
15206
18337
18374
19433
15941
15078
15590
18334
15241
18356
15629
15214
15217
15763
15624
18369
19472
19436
19824
19456
18374
18313
19815
15055
15057
15437
15573
15687
15971
15024
18826
15040
18386
15908
15894
15925
15234
15469
15601
18340
15053
15268
15207
18981
15717
19493
15283
15255
15733
15055
18390
18367
15909
15978
15791
15594
15692
18321
15243
15027
15850
15383
15017
15666
15211
15339
15781
15528
15243
18343
18381
19881
19950
15672
18321
15520
18303
18367
15651
15622
19457
15012
15997
15292
15602
18337
15505
15049
18995
15968
18329
15646
15737
19475
15388
19421
18302
18810
18231
15583
15764
19426
18269
15090
15063
15920
18244
15638
18220
15903
18214
15999
15008
15566
15712
15869
15789
15391
15741
15439
15613
19462
15317
19809
15003
15061
15869
15455
15325
15456
15742
18223
15498
15437
19469
15453
15732
15868
18955
15344
15255
15020
15066
15272
18805
18241
18241
19809
15216
18212
15543
19940
15714
15459
15030
15042
15735
15037
14507
14973
18947
18808
14580
14941
14537
18207
14574
14875
14877
18221
14754
14593
14506
14547
14758
14976
14728
14501
14593
14724
14756
14580
14761
14504
18273
14513
14721
18275
14941
14583
14504
18224
18205
14435
14472
14776
14459
18288
14942
14437
18279
14486
14720
14868
14456
14971
14971
14942
14459
18207
18209
14724
19461
19442
14759
18285
14868
14719
18251
18274
19440
14495
19467
18223
14425
14424
18880
18943
14468
18206
14483
19743
14486
18289
14448
14975
19748
14744
14853
14934
19449
18226
14939
14771
14938
14415
14479
18948
14418
19937
14761
14858
14402
14469
14715
14408
14898
14473
14400
14482
14448
14443
14403
14436
18280
18225
14408
19449
14403
19490
14403
19934
14705
18256
14353
14709
18141
14353
14702
14362
14709
14389
14934
14324
19772
18186
19933
14885
14986
14707
14789
14706
14709
18113
19436
14364
14341
14841
14994
14330
14846
18168
14357
14703
19479
14371
19403
14329
14315
18764
14702
14343
14963
14785
18796
14325
14374
14317
18731
19765
19435
14667
14844
18762
14323
14645
14621
19405
19408
18117
14989
14658
18192
14349
14354
14365
14377
14656
14658
14325
18147
18735
14925
19401
14357
14662
14308
18165
18738
18165
14888
14662
18147
19769
14309
14365
14356
14830
19738
14334
14834
14367
18735
19496
19757
14835
18140
18110
14833
14926
14992
14332
18122
14926
14290
19388
18175
14241
14238
14920
18789
18166
19366
14250
18783
14241
14210
19397
14270
18184
18177
14616
14619
14246
14215
18145
14294
19366
19788
14299
14969
14255
14214
19327
14697
19936
14217
19753
14883
19335
14981
14230
14214
14660
14208
14615
19738
14823
14927
14630
14242
14271
14243
18783
18103
18126
14969
14612
14636
14691
14694
18179
14276
19368
14822
14290
18121
18173
14254
14995
19353
14820
18163
18132
18786
18124
14200
18767
14661
14914
14285
18172
14203
14968
14676
19928
14991
14269
18122
14217
18128
14287
14272
14235
18183
19348
14289
14282
14652
18155
14669
19314
14696
14969
14152
14192
14644
14152
18179
14634
19998
14636
14649
18135
14646
19322
14663
14817
14143
14953
14812
14959
14136
19374
14132
14164
19345
14602
18187
14623
14818
14686
18172
19766
14111
14143
18133
18934
18987
14679
14805
18064
14604
19346
14127
14601
19317
14126
18017
14121
14162
18070
14156
14903
18095
14105
18773
18009
14621
14147
14123
14180
14804
14545
18050
14103
14133
14594
18029
18939
18936
14801
14129
18085
14530
19776
14153
14133
19764
18085
14559
14956
19730
19385
14578
14157
18721
14198
18050
14195
14792
14536
18055
14033
19336
14513
14564
14076
18066
14096
14015
19351
14052
19351
14008
14055
18003
14098
14795
14013
18040
14045
18023
14585
18085
14896
14093
14038
14093
18056
18058
14048
14014
19790
19921
19381
18062
19345
14978
14065
18098
14061
14874
14873
18013
14757
14549
18061
14055
14000
14549
18931
19328
14503
14539
14545
14081
18010
14876
14008
19756
14063
14038
14002
14798
14500
14008
19380
18052
14950
19383
14003
14509
14521
18067
14079
14582
18933
13425
18008
13351
13788
13621
19921
13424
13316
13342
13865
13427
13575
13849
13656
13699
17506
13846
13567
13358
17434
17493
13833
13378
13301
13421
17459
17743
13773
13872
19347
19323
17435
13398
13355
17859
13303
13986
13309
17856
17438
13399
13742
19766
13832
13838
13833
19726
13665
13965
13783
17857
17616
13334
13923
13657
13455
17436
13860
19773
13772
13378
13967
13746
13368
17499
13338
17851
13836
13453
13537
19306
13945
13424
17454
13992
13441
13782
13754
19751
17458
17434
17495
13448
13833
13833
13690
13686
13286
13466
17918
17612
17456
13494
17665
17492
19386
13716
13263
13830
13610
17997
13285
13250
13831
13289
13501
13212
13410
19305
17915
13829
13226
13271
17426
17653
13416
13827
19722
13416
13922
13209
13442
13250
13943
17708
19759
19300
13663
13676
13794
13442
13617
13966
13580
13632
13886
13272
13614
13227
13790
19398
13919
13664
13297
17982
13266
13676
17417
13440
13517
13616
13655
13247
17709
13227
13467
19302
19214
13618
13291
13681
13991
13409
13824
13242
13723
17840
19299
19258
13285
17486
13972
19276
17907
19222
17843
19243
13672
13234
13608
19244
13276
13862
17412
17468
13407
13221
13289
13248
13683
13252
13811
17716
13714
13135
13898
17489
19257
19201
13643
13937
17887
17798
13851
13114
17705
13178
17900
13657
13137
19925
17884
13812
17836
17604
13608
13110
13430
13189
17462
19782
13574
13606
13199
17670
13722
13851
13817
13688
13408
13485
17482
13786
13812
17718
13767
13177
17958
13987
19246
13605
13605
13432
13913
13453
17405
13603
17608
19211
13401
13125
13858
13129
13198
13170
19288
19269
13197
13938
13890
13621
13127
13176
13978
13438
13166
13680
17679
13808
17605
13907
13855
19220
13103
13999
13880
13107
13642
17971
19203
13803
13900
13902
13481
13101
13158
13103
13436
13979
13547
13320
13484
13580
13164
13168
17830
13164
13189
13806
17602
13150
13906
13178
13138
13457
13870
19986
13160
17387
13951
17357
13543
19741
13324
13107
19255
19233
19777
13567
13974
13104
13172
13188
19235
13172
13549
13320
13512
19231
13092
19710
19299
13979
17883
17957
13732
17336
17334
13770
13552
13727
13078
13990
13797
17825
17383
13906
13701
17318
17622
17325
13013
17374
17719
13087
19297
17337
13452
13471
13009
13376
13759
19200
17656
17364
13514
13780
13989
17359
17919
17602
17883
19237
19282
17823
13029
17682
17331
13525
19233
13322
13031
13896
17372
19200
13066
13088
13342
13760
19996
13071
13575
13035
17829
13078
13383
13575
13318
17828
17994
13072
13381
17829
19295
17348
13957
13772
13786
13021
13964
13019
17346
13593
13374
13732
13356
13502
13931
13950
17826
17625
13010
13005
13570
17325
13032
13075
17364
13526
13361
13995
13994
13081
17389
13365
13059
13319
13508
13035
13941
13338
13556
13081
13421
17343
17393
13378
17360
12287
12922
12199
12183
12704
12274
12458
12748
17389
12500
19208
19761
12629
19212
17647
17355
12816
12405
19714
17820
17673
12268
12440
12188
12869
12532
12919
12350
12653
12706
12817
19220
12604
17389
17812
19272
12992
12112
12134
17624
12628
17394
12422
12898
12182
17897
12432
12201
12496
12256
12716
12928
12110
12377
19234
12668
17309
17309
12680
12829
19710
17343
17879
12689
17879
12371
19202
17331
12246
12390
17306
12112
12140
12663
12663
12533
12435
12626
12776
12807
12213
12838
12628
12830
17326
12847
17796
17339
17390
12665
12612
19165
12386
19152
12778
12658
19144
17352
12673
12647
17388
17889
17818
12717
12339
19141
12536
17514
19187
12149
12363
12442
12146
17277
12225
12253
12266
12193
12185
12200
12194
17540
17705
19147
12101
17246
19166
12703
12839
12162
17261
12128
12452
12129
17664
19166
12720
12782
12704
12261
12562
19708
17950
12555
12129
17539
12229
12831
12447
12176
12596
12941
19767
17983
17280
12105
12588
12455
12518
12568
12977
12415
17265
12562
19174
17244
19189
12843
12268
17276
12382
19773
12366
17913
12998
17743
17215
12260
12122
12934
12779
12478
17248
17282
12974
12901
17543
17223
12876
12566
12433
12293
17247
17274
12923
12983
12363
12840
17209
12264
12282
12104
17206
17236
12385
12362
19768
12576
12406
12196
17201
12930
12716
12587
12901
12761
12212
19141
12951
12104
12531
12794
12334
12070
12514
12722
12016
12837
12926
17572
19156
12343
12951
12858
17686
17293
12911
12586
12837
12531
12754
12748
12832
17800
12024
12778
12375
19917
17880
17296
12860
12516
12016
17209
17941
12641
12058
12645
12954
12813
12975
12762
12740
19173
12904
12731
12580
19173
19707
17239
12943
12527
12099
19914
12317
17218
19125
12009
12058
17876
12311
12602
12905
12210
12036
17805
12653
12094
12479
12253
12010
12064
17268
19177
12003
12775
12685
17233
17747
17802
12061
12565
12572
12899
12960
12580
12710
12712
12059
17749
12242
12998
12218
12955
12675
12098
12759
12207
12889
12318
19742
17746
12083
17526
12022
17255
12542
12003
12973
17658
12005
19193
12879
12985
17947
12654
12578
12063
17248
12539
19165
17590
12748
17594
12754
12348
12781
12499
19702
17918
12311
12176
12747
12864
12736
17268
12692
19794
19165
12179
12273
12018
19910
12609
12857
12545
19982
12648
12680
12536
12314
17529
12554
12029
12721
12034
12086
12316
12419
19784
12343
17299
12090
19137
12948
12922
19182
17628
12025
12702
12641
19702
17130
17946
17581
19101
12382
12286
12139
12339
12947
12041
19125
12926
17188
19108
12074
12639
12789
19124
12028
12613
12006
12537
12632
12656
12134
12335
19108
12073
12249
17114
12130
17875
12849
12339
12485
12557
17589
19120
12333
12022
12984
12833
19191
17643
17940
12984
17154
19659
12524
12052
12757
12872
12732
12208
12451
17591
12728
17163
19902
19180
12675
17174
12830
17965
19122
17131
12324
12308
12034
12502
12736
12291
12259
12963
12714
12544
12011
11777
11890
17168
17867
19628
11275
17769
17536
19693
17615
19035
19692
11243
11549
17666
11765
17946
11745
11582
11829
11752
17567
17733
11714
17121
11715
11853
17521
17503
11948
17109
11290
17546
11320
19672
17793
11248
17183
11511
11492
17552
11930
17527
11355
11201
11763
11502
17758
11393
17197
17101
17772
17529
17632
11934
11268
11721
17150
11232
17612
11354
19900
19071
17153
11424
11584
17180
17188
11916
11369
11886
11219
17176
17120
11918
17187
19001
17182
11205
11282
17153
17865
11778
11722
11749
17599
17547
17554
11492
17575
11941
11393
17999
11882
17156
11233
17893
11429
17164
17185
11860
19622
11399
11611
11319
17723
11917
11281
19628
17793
11332
11965
19040
17569
11562
11813
19037
19024
17144
17034
11676
11240
19053
11842
11649
11815
11248
11298
11633
17008
11310
17021
11272
17075
11345
11211
17773
17524
11275
11208
17098
17893
11742
11376
17094
11764
11861
11675
11636
11508
19657
11980
11940
11246
17086
11532
19028
11673
19041
17096
17867
11606
17048
17914
19905
11476
17790
11110
11964
19084
11966
19012
17865
11945
11751
17027
19699
17923
11600
11721
11916
11652
11130
17001
19064
11186
17765
19020
11814
17024
11163
17076
19060
11177
11940
11628
17995
17047
11117
19081
17723
17072
11152
19048
17006
17674
11436
19078
11315
19050
11465
17755
11898
11130
11742
19037
17595
19643
19038
17032
11142
17663
19684
19081
11643
11855
11351
17891
17924
11364
17001
19063
11554
11144
19651
17047
17027
11956
11156
17868
11396
11847
11819
11593
17720
17037
11507
17022
17008
11477
17053
11984
17853
17706
11143
11410
17031
11112
17632
19614
17060
11122
19093
19052
11315
17785
11119
17960
11884
11643
11316
19619
19900
11621
11925
11390
17509
11805
17567
17077
11990
17718
11602
11305
11726
11896
11108
11459
17087
17008
17037
11691
19679
11143
17086
11347
11187
17718
11196
11107
11660
11415
11602
11157
11500
11304
17019
19087
19880
17568
11803
16942
11452
11123
11765
11995
19056
16349
16806
16885
16277
11364
16252
16990
19030
19617
11431
16840
11687
16968
11880
11836
19053
16459
11896
16927
11728
19022
11123
16612
11885
19084
19067
11659
11412
11954
11394
16259
11360
11534
11153
16208
11410
11336
16801
18779
11370
11694
11102
16315
16561
11127
16217
11868
16826
16464
11547
16639
11333
11517
19630
11340
11357
16253
11128
11587
11162
19667
18930
16493
19873
11802
11642
11155
11345
16459
19685
11109
11301
16947
18711
11588
18794
11120
16418
16963
11185
16226
18716
11389
11379
11839
11419
16231
16267
16741
11956
16577
11126
19876
16515
18719
19641
11172
11168
11172
11132
11155
16490
11903
16325
11180
16668
11622
11686
16451
18740
18923
16342
11657
19878
16374
16429
11479
11058
11686
16686
16295
11868
16248
16579
11520
16236
18776
11743
11483
11054
16489
11948
16998
16212
11490
11759
16746
16444
16276
16926
11062
16623
11094
16657
11627
19641
18977
11990
16907
16449
16498
11033
11878
18707
16398
16343
16977
18703
11370
16255
11324
11943
11518
11029
11309
18977
18923
11338
18705
16831
11984
11073
11026
11744
18701
11087
11059
16228
16781
16631
11425
11403
11598
11743
11839
16555
11500
16887
11724
11403
16706
16462
11224
11004
11508
11219
16163
16494
16557
18706
11896
11056
11877
18922
16995
19613
11056
11726
11493
16599
11231
11080
11482
11050
18706
11488
16142
16674
19871
16119
18749
18796
16755
18785
11213
11002
11032
11736
11502
18976
11765
11597
16604
16643
11830
16643
11078
16497
11243
18623
11040
19655
16310
16469
11735
11774
16328
19977
11064
11705
11432
16463
11030
11286
16946
16490
11877
19639
16730
16137
16171
11836
16117
18654
11204
16351
16902
11674
16110
16326
11784
19877
11582
11795
18913
16907
11079
16623
16536
18624
16443
16952
19970
16116
11003
11015
11210
11072
19605
16791
11021
11521
11000
11564
19609
16910
16468
16490
18973
16902
16706
16659
11879
16116
18640
16615
16133
11757
11016
16647
11454
16151
16149
19641
11563
11023
18686
16820
16837
11475
16558
16129
18911
11544
11567
11752
11071
11475
11708
11000
11028
11577
11570
11001
11000
16689
16988
11421
11580
16859
16552
11054
11423
10344
10869
16159
10969
16463
10185
10282
16834
16512
10391
10793
16123
10666
10801
16304
16748
16343
10709
19652
10376
10126
10347
16984
10388
16910
10330
10392
10321
10853
10363
16304
10246
10333
10211
10860
10544
18684
10321
16874
16466
10501
10918
16118
18665
10639
10290
16154
10316
10419
16717
10419
16452
16170
10449
10500
19981
16864
10990
16901
16730
16170
19861
10637
16652
10531
10120
19647
10810
16363
10416
18910
18632
16352
16360
10109
18670
18619
10463
16858
16947
10164
10362
10132
18612
10150
10960
10101
16948
18693
10444
10158
10148
18975
10395
18616
10906
16351
16608
10447
10270
10174
16607
10691
16946
16124
16599
18696
10109
10638
16937
18618
10781
16610
18655
18614
16449
10184
16433
16153
10195
10150
16569
16994
10131
16386
10398
10553
16127
16124
10141
16652
10380
10749
10338
16108
18661
10750
18667
10277
16665
16541
10579
16893
16523
16777
10265
18635
10141
10544
16169
10356
10933
10723
16108
18613
19660
10913
18639
10627
18644
10910
10628
16105
10613
10432
10530
18613
10716
16629
10428
10174
16832
16107
18612
10819
10415
19680
10939
10643
10336
10176
16538
18903
10705
10119
10375
16127
16928
10711
10586
10882
10466
16196
18680
16965
16105
16609
16509
16300
16372
19538
16630
18687
18988
10058
10355
16680
16335
16934
10489
10215
10586
10135
16320
16850
10796
10387
16939
10220
10039
16834
10385
10375
18689
19538
16480
10598
16026
16016
10031
18622
10058
16761
10519
16995
19858
19890
10406
10540
10683
16023
16252
10075
16881
16699
18627
10116
18666
10744
10294
10670
16583
16638
10466
19969
10407
18652
10294
16024
18628
10861
10454
16021
18652
10396
16075
16898
16573
19514
10510
19592
16840
18970
10350
18559
10354
19961
16278
10390
10488
16082
10598
10615
10623
16387
16217
18548
16837
10097
19511
10112
10461
10303
16071
10686
10505
10845
16817
16416
16549
10512
10681
16064
10586
10443
16263
10585
19564
16817
19964
10408
10076
10188
10270
10471
19549
16741
19845
10969
10496
18898
16652
16724
10283
18519
16761
18878
10825
10245
10853
10041
18989
10446
16381
16033
19960
16257
10161
16028
10582
18514
18513
10741
10963
10062
16564
10485
10695
10485
18541
10347
10441
16019
10277
10566
16720
10014
16582
10020
16936
16010
16726
10773
10043
19514
10890
16530
10066
10558
10730
16789
16589
16064
10934
10054
16077
10228
10520
18526
16001
16507
10217
16618
10895
19598
10534
19567
16375
18877
10353
16389
18989
16715
10708
10681
18596
18579
10022
10142
10311
10864
10583
10615
10696
16050
16809
10063
10180
10615
18581
19840
10054
16720
18864
16279
16248
10178
10268
10755
16960
16099
10593
16822
16427
10058
10478
16081
10752
10503
10545
10708
16722
16018
18515
10251
16590
10677
16270
10210
10436
16470
10757
10797
10069
18867
16716
10885
16337
18581
10358
10640
10418
10950
16458
19897
18577
18563
16711
16716
16578
19512
16767
10287
18500
16015
10561
10608
10290
18869
10468
16610
16010
10609
16454
10697
10698
10038
10477
16513
19519
16561
10364
16977
10677
16209
16202
10251
10508
10363
10325
10057
10052
10500
16747
19965
10066
16025
16596
16415
10087
16207
10941
10195
10036
16217
10875
10151
16012
10460
10039
10794
16743
10224
10053
16672
16261
10093
16001
10714
10872
16889
18583
18501
16208
10501
10060
10125
16854
10723
10766
10825
16270
16508
10631
10247
10079
16019
10796
10006
10283
15208
10524
10322
10054
10754
19513
10472
10472
10803
10569
10560
10026
10602
10979
15943
10968
15430
10084
10078
10457
18864
15840
10699
10222
10998
10505
15557
5110
7574
2582
2667
5335
8812
2180
2432
5371
4139
5616
9193
5296
8725
5242
2985
2550
7660
5673
7201
4887
2837
4164
5182
7622
9832
8249
5383
5174
4652
8256
2234
2157
2838
2235
2369
5429
4813
2143
2885
9171
2903
2758
4190
2561
9578
2595
2951
4143
2999
2588
8148
8180
2149
7247
5791
8721
4179
2362
5765
8184
2351
2718
5667
5765
8093
4147
5925
4113
8210
2412
9124
2324
4694
2991
5254
9980
9598
2857
2550
4156
2598
2655
5012
9889
9485
5272
5515
2480
2208
7249
4182
2613
2271
5011
9119
9425
9192
9151
9807
2820
4106
7227
2646
2542
4102
4162
9916
2489
4680
7896
2832
4128
2753
2971
8413
9594
2249
4108
7214
4607
7809
2698
7599
2586
9156
2255
4170
4889
2691
4909
2886
2007
2378
5453
5499
8039
2721
9831
4952
8214
5866
8723
2298
4189
4643
9827
2053
9945
4643
4809
5280
4193
2618
4124
8751
5719
2073
5340
4802
7221
2418
7872
5824
8074
4136
8759
8098
5817
7671
9483
4999
9742
5215
2703
7872
2211
4120
9924
4519
2215
7973
2910
7708
2007
2608
5379
5252
2770
5056
7879
8058
4887
2075
8845
2334
5466
8815
7210
5145
4127
4108
5035
4109
5659
8076
5741
5284
4102
7880
5564
5340
8098
7252
5379
7887
5229
7963
7549
2406
4516
4907
9972
7656
5515
9747
4148
7236
2063
2761
9896
4760
5453
7264
7523
5463
5867
4103
2557
2448
2560
8460
9389
2275
2513
2939
2521
5788
7247
4794
2460
4183
2420
7555
4191
2422
2858
9154
8887
8490
7555
5889
9154
8295
2975
4958
4905
5009
9140
7941
4017
8415
9728
7258
5216
2676
5629
4784
9185
4954
7210
9196
5809
5028
2062
8933
2033
7947
2036
8751
2289
7519
9524
5807
2916
4907
7515
8039
4977
2893
2601
2072
9488
2354
7565
2898
2519
4043
2592
2272
4055
5272
4081
2090
2071
7784
2761
2200
8070
8415
9803
2519
5354
4012
2773
7286
2462
5519
2262
4077
7207
5644
8206
2862
2063
2393
9348
8405
2893
2681
4013
9727
2773
2503
2566
7203
7944
4553
4088
8234
2845
2600
4064
9399
5689
2960
8028
4577
2700
7246
5715
9808
4574
4089
5284
2015
9182
2020
8086
2149
5233
7206
7596
2490
9150
4025
8835
9914
2201
2409
9162
5361
2402
5741
2547
2050
5009
2169
4887
8438
2357
5802
5074
2484
2179
4570
9398
8055
7794
4053
2527
4027
2038
8766
7558
2161
2451
2641
2798
8096
5714
5056
5882
5210
5286
7774
7205
9727
5958
7961
4877
5290
9503
7731
8088
9568
2797
2722
7526
8728
9107
7916
8093
8079
4554
2047
7709
4515
7878
4020
2340
7113
7597
7914
4049
5796
8219
5849
5343
9723
9390
8414
5392
8233
4039
2691
8884
4075
2142
2020
8062
2812
9345
2032
2378
4035
2408
9974
2703
8768
7178
2595
8019
2536
5927
4060
4973
7561
7519
9985
7877
2116
2526
9756
4041
9131
4070
2812
8004
7549
7152
7184
7679
8456
8024
9150
2061
4779
2039
4508
5659
2425
2752
8835
2032
8758
8027
9975
9131
4789
2623
4552
2316
9449
4094
2144
8035
4752
5458
4726
4597
9463
2983
9621
8724
5509
4044
4587
7132
4524
4535
8212
7166
2039
7910
5100
5333
5348
5385
8012
2727
5127
2742
7171
2599
9726
4048
7576
5478
5755
4582
5484
5192
7736
4587
4575
7122
2403
4033
4542
2451
8005
8474
3931
2986
2826
9623
8025
4995
2776
8464
9643
4877
8087
3344
3751
1256
9104
1799
7143
5347
3348
3381
1992
4780
8251
3623
1821
3847
3361
7576
1218
9802
3312
7538
8201
9347
8042
8946
9099
7999
7529
3863
9079
1298
1706
9995
1291
1289
8367
9640
4721
1250
9048
5100
7658
7690
1686
4751
7591
5813
1860
5189
4949
7168
7160
3620
3671
5637
1751
7435
7433
8223
1203
3477
5937
5045
7504
1289
4546
3833
1975
5519
7121
5615
8457
3660
7121
1488
3945
3495
5277
1705
9071
5268
1860
1252
1886
4578
1240
3925
7127
7482
1825
7103
7925
9360
3308
1707
1687
3390
4863
7126
1253
7150
1949
1825
5394
7195
4536
4751
7173
3487
7121
7183
3395
5737
4569
5955
9356
4537
8353
7125
3424
3666
3620
3340
7131
3423
9626
7772
1828
1860
3534
9524
3929
3468
9392
8443
7168
3640
9802
7756
1450
5491
1717
7196
1681
3462
7573
7549
1992
9640
8353
9582
5365
7729
1344
4453
1824
5068
1862
9354
9646
4486
5383
5002
1319
9050
7776
3360
4471
5783
1264
5689
7660
8832
7710
5877
8320
4948
3832
3961
7142
9620
1233
5634
7551
3699
9629
1780
8376
4432
5502
4941
1278
1790
8366
7531
3726
1617
3367
7125
8418
7866
8298
1250
3335
5650
9662
8255
1701
1293
1608
1520
8953
4720
3395
3372
7723
1223
9086
7436
5620
8380
4947
7431
7438
7436
3617
3784
7018
1208
4487
1915
7475
1225
1267
3673
7076
3651
7023
1609
1526
7051
1811
4782
9801
8260
1269
1811
3836
7543
4425
9770
7690
5448
9382
1543
3442
4790
1968
8270
7659
3294
8286
9007
3831
8274
7427
5269
1293
3213
3217
3289
9377
7639
1741
7987
1448
7422
7861
3280
7047
7778
7054
9539
4423
7033
1746
4794
7850
7502
7044
1480
7928
7027
1336
5751
7506
7919
1183
7529
4475
5024
3226
7055
5140
3690
3889
9040
3231
9008
1953
9006
5630
7022
4711
1814
3246
3663
1648
3661
4453
4495
3940
8968
3245
3212
7489
8221
4713
3674
1783
5833
1943
3464
3790
3465
1742
4741
9779
1312
7069
1181
9474
7428
1156
3222
1192
1177
3468
3743
1195
1678
9337
1181
1154
7862
7966
7914
1446
3469
1652
7029
8218
3961
7689
7048
9028
3742
9015
9005
9009
3830
7963
1940
5444
8475
3699
1644
1607
3252
9082
1759
1469
3696
7455
9903
3257
8263
7068
7092
7506
1775
1169
7705
1183
7865
8357
7561
3214
4466
7784
1841
7076
5093
1496
1649
1815
7703
1870
9003
1730
3822
7017
9334
1361
7559
8363
5932
7892
9300
4864
5918
4892
7089
8285
1136
8294
3520
1571
7028
9075
8748
3496
4719
3823
1812
5387
4463
7422
1678
9307
9698
1416
3491
9090
4489
9659
7920
9505
7081
1957
9903
1343
8479
3491
3827
4448
3823
1679
5876
3203
5965
5399
7858
9003
1116
3488
7487
1939
1795
9058
3231
7788
7032
3670
7010
1416
5552
5239
5338
9378
3583
9084
1990
3417
7753
3857
8266
1925
7459
7773
3637
1343
9053
7058
3936
9051
3612
9631
3264
7960
3278
7034
1123
1191
1370
1601
8346
4852
8313
4418
1170
5265
7094
4494
3255
1146
1196
1166
8389
7063
1689
1914
7063
8432
3201
9908
3992
3975
7891
7077
7038
9062
5407
1376
9677
3931
9071
1767
1801
9306
9903
1925
4499
7594
5326
7971
8263
7025
1809
7030
1716
1833
3673
7630
9411
7062
4741
9027
3278
7041
1679
5398
5351
5051
1151
1140
9023
5955
7711
1620
1439
9014
9499
3417
5884
1175
4469
1187
1620
3284
9054
1484
7840
1177
3461
3502
7417
7745
1109
1440
1807
7463
3964
4406
9036
7845
3949
9556
9048
6273
5567
6225
3265
9662
1640
8387
4852
1607
6443
9559
3826
5082
3618
5497
9874
6957
3216
4408
1189
8336
7491
6998
3822
4763
9408
4443
1452
8491
4402
1802
3557
1137
8317
1163
9466
1578
1102
6325
6417
5114
3448
5959
3913
1503
1137
6697
3975
3264
1976
3636
6872
1382
1538
6825
1321
4745
1591
1956
1899
6842
6531
1908
7670
1327
1419
3717
9899
6347
9002
7686
9407
3290
6598
3214
6211
1180
6698
4799
8770
1349
1304
1373
4409
5751
7413
1354
7840
1128
8779
3691
3689
3489
8823
3676
1794
6518
5548
3265
7907
3717
8206
1579
4858
1392
1629
1804
4401
3760
6802
1716
6573
6234
3580
1309
8261
4970
9299
3256
4775
1649
5031
1586
7974
1784
1859
1412
3293
8213
5665
8985
3724
4851
1550
8787
4476
3293
8796
9222
6234
9973
1164
9295
4431
1180
4407
3161
4488
1185
9256
7685
1695
1189
5050
8275
1744
7446
9637
3479
4854
1793
4437
7440
4855
5865
3404
3890
1901
8427
8927
1134
6880
7696
4740
1674
9589
4709
9261
8715
3638
7617
1654
6680
8272
3134
1431
3174
6228
4380
4322
8887
1384
1872
9295
3137
6743
5614
4324
9490
9242
3183
9726
9928
4326
6646
1999
3133
3701
3976
5993
6741
6677
3947
8840
6398
1906
4747
1023
4898
5939
1321
6648
4855
4320
3149
1760
8397
3936
6343
8924
3910
3140
6213
1009
9634
1547
7479
8945
9829
1551
1012
7741
7490
5758
8749
6494
7644
3707
7837
1404
8703
3589
1076
8764
1056
1449
1832
1767
8141
5442
7926
6223
3433
9790
8765
1393
1976
3136
1762
8769
6450
8700
6675
6596
5268
1307
4397
6823
5574
6233
7627
5795
7476
8374
5367
1375
9820
8709
6731
3851
9556
6490
8395
3135
4701
4846
7608
1053
7635
1009
1050
9922
3814
9493
6779
5499
7699
5542
9494
1026
1726
8967
3626
5019
9240
3576
1456
5662
3816
6370
8706
5151
9299
4326
6605
9507
8743
1063
4785
6497
8166
1060
1550
3123
6462
6735
3154
9694
6529
8161
1482
3957
9828
3970
4332
3605
3456
6615
4398
1052
6948
1909
5795
6521
5961
7830
8706
6272
1778
8704
1686
6517
3652
5094
1510
1791
3185
7908
1589
3140
9507
1481
1086
6466
5286
5439
4312
1274
6902
6717
8925
1890
1727
6452
1711
4842
9970
7830
4967
6879
6603
9273
6490
4773
3502
3195
9689
9876
1216
7476
9771
1266
9209
1971
9688
1663
1426
3629
9473
1482
9236
3123
3105
1984
3853
1096
1012
5294
1425
7469
6115
4315
1070
4847
3121
6174
1051
9898
1265
9243
7402
3328
9609
3191
8559
1570
3126
5058
5634
3109
1082
1874
1402
4352
6951
3643
7903
7719
4702
8177
9608
4844
1408
1570
6684
7350
3800
6146
8920
3597
1245
5929
6575
6422
1215
1681
1724
1854
1556
8669
4785
6953
1877
8621
1077
6748
1459
1088
1706
1953
8679
8625
8979
6820
1851
3472
3173
4310
9431
1021
3674
4369
7397
4843
1007
1088
3947
8992
4374
3191
6505
9260
1595
1017
1074
1515
1672
6438
1574
3876
6138
6473
3623
1766
6959
4789
9672
8524
3324
3327
9765
3324
3533
3363
9233
5297
1084
5153
9685
5342
3800
8479
7697
1071
9673
7644
1018
4397
7957
3180
6443
4935
7634
9687
5829
6513
8682
8133
7833
8184
4654
4648
4371
8693
3100
1724
1421
5504
5376
7327
6177
5173
3164
7831
1070
3773
3805
6521
6112
4993
5189
8312
7837
7836
5214
6897
8409
1080
3162
1409
1613
9499
3135
6194
8622
5116
9431
8469
6943
1048
8424
8363
1096
7326
3905
1035
3974
9532
6905
5166
3129
8313
8620
5155
3779
8446
6975
1521
8913
1528
6822
4993
7386
8315
8910
3184
6546
1027
6752
6112
5731
6459
3129
3564
8759
4846
5890
3510
3435
3706
5658
1582
1421
5428
6326
1617
3130
3575
3145
1827
6117
1582
1767
7987
6868
7364
4390
1034
4988
6398
6740
6914
229
242
7379
828
3842
3578
8622
108
5087
790
230
9628
277
8660
260
5879
9894
3973
625
7352
6430
3147
626
6420
8651
8916
128
4923
279
5089
574
4682
5719
727
6457
9205
9609
342
9473
5680
762
295
3331
441
753
292
308
5103
7623
3893
8370
560
6119
3789
6141
5478
499
415
677
8140
439
9213
638
675
5629
9870
8619
522
718
196
9277
868
693
6142
548
744
712
3371
292
9625
9647
6127
725
3709
4365
8670
3734
7974
6943
3796
9496
3081
344
3900
464
4649
106
9970
3347
839
6193
275
4832
706
360
4644
9503
129
7601
3553
564
6194
220
7369
4370
657
624
4373
8653
6731
3034
126
3841
8185
6948
5597
8914
4620
9717
446
5930
4360
169
147
9472
7324
107
5661
544
9864
298
6818
4328
4969
3958
8304
804
188
6351
413
670
800
7381
3079
551
6767
8884
9955
6406
8971
892
5244
411
8687
6307
6633
538
6106
3091
3900
3954
6618
9984
114
359
495
347
949
6564
829
6150
6813
9863
8669
8965
9436
618
714
8619
6731
5242
4628
7690
4336
9950
7372
6356
6642
6362
9458
6170
3067
8119
7374
3700
474
6982
5386
3527
471
781
6813
435
3013
7957
6329
6715
3754
3005
9787
3035
4625
232
133
684
132
5614
8797
3385
4370
362
8610
3038
3579
665
186
8636
186
8632
7365
239
6435
641
6764
5159
5371
6150
706
190
903
6106
6339
387
841
764
765
137
128
3592
5762
417
3014
181
3014
6164
6561
4679
9275
8753
8115
9438
6397
9710
5545
416
6100
574
8653
191
6139
345
3059
6623
5340
4838
6781
303
8145
6539
588
432
6131
471
5032
6722
550
705
3364
5453
8140
7314
496
5522
3044
7888
6623
9643
6458
350
6709
3050
563
3007
9715
487
450
3042
141
3019
423
6439
7361
3006
3068
4330
891
653
133
152
3086
3973
7318
3069
743
740
945
586
6723
6751
5696
8907
3076
6861
5587
133
8905
230
6682
453
8124
837
115
7372
511
7312
6708
780
7821
9865
269
6884
9963
8757
749
6793
3895
507
6124
3375
106
6621
3877
362
148
9291
9913
3044
3062
4335
8610
205
8681
5954
6137
9955
4300
3098
4929
4833
9816
737
282
5369
6406
3315
711
113
5393
273
9980
9683
943
6950
230
8908
4259
699
8363
5126
3345
6587
379
3058
5340
4242
172
153
8616
548
799
210
6384
7386
8118
172
115
113
9282
6790
385
3861
9350
6124
959
4694
6125
4697
4613
3595
4632
6390
3554
377
132
6545
5135
6100
444
3083
5334
7347
199
4682
9568
7396
6883
6764
438
7888
390
8602
6186
4210
130
9551
6685
6485
78
9513
966
9898
6658
75
5833
3879
4268
5521
204
898
177
637
58
8697
3341
413
8308
8604
334
316
9451
539
5909
75
6506
332
5840
726
6415
4616
5824
327
8401
4281
9585
4612
6135
427
4243
6500
381
227
415
652
8688
9855
6861
3083
590
8607
8683
476
6339
4996
543
558
3457
9816
8559
4249
697
3386
816
4210
394
398
7330
338
3428
9980
424
6308
3730
6586
9963
3027
508
7368
396
443
112
117
9239
3955
619
6721
5398
473
74
4291
9548
611
46
140
474
4234
5058
4
5289
3552
6551
5356
5478
5525
8680
250
3004
539
8908
3577
4238
6645
5524
333
3539
8446
526
9523
3099
6532
3485
5588
7951
4250
2165
429
6867
6508
597
7951
335
5349
8967
5705
8791
2229
5951
6081
6535
196
717
9322
824
8154
450
4966
7384
5781
7340
65
2393
9481
6545
4220
7627
688
6545
28
2376
8301
82
2607
8663
80
131
8627
8662
8693
920
5337
699
7351
15
660
747
39
4252
825
511
6587
8834
197
397
8621
780
5756
6606
192
2660
587
4826
2790
84
6267
8126
8109
4681
524
2697
479
5023
8408
26
5845
9592
693
737
7301
5363
135
5676
4828
664
8594
8128
9324
7645
1
2483
9850
404
613
159
8334
316
2821
2487
5120
813
738
9454
6767
9841
4619
9980
743
408
9556
6441
763
8550
560
372
769
338
669
319
6014
144
9540
2424
465
505
359
8
63
8321
9480
6076
617
818
9224
6915
62
741
226
4228
6255
6495
2499
2133
7368
7303
6534
6486
6620
6219
4274
4823
826
4285
76
2871
9513
6610
8351
4258
6222
284
8583
8555
5925
5193
8190
9884
6560
8530
2414
4277
6814
6008
6430
462
4687
493
453
576
5181
2280
4261
14
75
283
2200
6494
8165
5252
430
858
66
6664
280
6994
6967
284
687
5337
812
597
4219
594
968
2446
8514
4981
8334
513
227
4641
5630
130
6590
2893
253
187
6781
4897
6909
2170
481
8147
7606
2208
2675
6937
625
280
2642
6746
401
6711
377
8178
467
8950
6324
6293
5028
89
6566
6659
763
2694
213
6622
7305
6657
299
6580
8818
2805
5357
241
2192
4242
431
674
9275
9784
9425
886
9766
9523
7360
437
5887
9987
9781
594
2270
742
46
2701
57
9250
506
783
405
386
2673
6324
6362
9837
5717
6362
75
202
6049
7
486
605
5389
5278
2640
6865
511
7607
8555
7333
4228
2167
583
154
676
4234
6086
4269
4238
6079
6059
9833
6095
5542
184
8135
2418
8894
328
6912
8517
110
733
2709
9576
950
5125
712
759
451
226
919
6920
9761
151
2434
8591
851
197
9715
2119
5827
4634
6507
626
732
6056
711
480
521
6466
6057
6362
2607
609
6060
41
780
6987
9172
466
6200
4649
37
839
2917
8180
5101
862
448
8596
552
8935
5590
7897
9138
500
4825
9546
7609
655
9145
4293
5978
6728
5744
8102
4269
6243
254
33
248
5895
7302
6563
92
6380
6002
4246
8101
5992
6937
217
756
2430
606
9912
73
417
7396
4
548
2901
237
6072
8595
400
6070
496
2619
6939
7818
8966
8550
914
6923
6297
6501
256
890
202
6085
290
381
208
8728
2482
8596
655
8966
924
2399
2705
2691
9141
5586
7813
2659
6020
6295
730
8518
5517
8862
9119
2716
2350
7685
755
7369
8593
468
80
37
7334
693
7627
8519
2264
9391
6765
744
439
773
6741
755
5128
7362
702
268
8983
9717
6240
6562
176
296
8518
6086
6061
7511
6344
2821
2457
961
7914
8409
526
8516
9578
4818
290
358
2143
196
8524
96
514
2456
2620
82
74
503
4688
283
8989
2855
4967
9589
2654
6790
4918
691
9789
9138
745
2859
6055
279
621
6801
8409
483
9844
681
8301
8756
843
5111
59
200
271
6016
4279
656
785
5885
8107
6024
6587
2457
2768
90
8498
9393
4608
8382
234
18
968
6719
757
671
4641
73
173
735
8541
8569
280
4657
730
754
6447
803
170
6380
424
203
5885
318
754
490
46
38
2298
521
4242
401
5662
9814
524
2824
5299
5689
76
8529
6088
457
5876
28
678
5718
230
7874
2189
2325
4136
404
2907
6479
7253
2353
5073
4166
8837
5934
2374
8564
277
966
8584
9313
5869
9535
7253
7252
437
6044
4602
966
2824
2290
359
80
980
2101
261
322
549
8297
362
7243
2947
5011
8523
4817
8180
390
273
2131
6290
4810
2491
2514
167
397
224
9745
2591
284
4194
24
695
41
6317
8565
148
499
213
9152
2637
84
9583
6022
741
325
566
7586
6085
6095
8578
6423
9584
6905
8150
8180
5639
5383
2986
5
2427
2265
9701
752
458
8506
278
505
870
5111
2940
744
6717
892
9341
408
6219
9137
2725
7200
270
8534
2990
2837
8563
97
363
319
486
2274
6713
956
8868
956
2982
6032
9110
6983
2850
8131
2
4953
4133
2825
6507
275
8508
984
6203
2857
2641
407
235
5791
108
6744
2109
6045
5394
528
8793
151
106
7953
8595
5690
4131
5730
29
699
53
437
5553
5184
2617
4603
2622
2651
5919
9521
440
4133
5072
8142
5828
813
5268
267
9838
2845
149
189
7802
417
754
2562
97
4657
8869
5153
505
43
357
5612
321
388
8587
5884
8135
889
7219
8579
47
2350
7263
2530
87
477
5611
2255
669
4192
2854
7921
5611
5982
678
49
248
378
429
8198
5135
5519
